0 00000000 onaan 0010000.. 3119

01001111) 5100001 1011001, 100000οα010 mio 00.

’100Ιο000 11 510. (10100010 000100 01 510. 11011100, 0 000011
10001000001000 110110 pin 00000011 010 01110 00010,1 00-
00000010 010 1 occasione 11 001100 000 01010 11 000 0000000010
010 10110 0000010οὶ 01010 esso 01000 01010 1000010010; 0001
ιο11000000011100010 chiaramonte, 00011 10110 0000000110 0
venito di 000010, possa ciascuno 0000000100 1000001000
1011001100, 0 10010 000010000010 00010000οε1 come 01 510000
11010010 nasta 10001 0100 000 10 0100110000 100 volume.

1111 11 510. 11011100 000 molle 0 concludenti 0000010000
00000 0000010, 001100000 000 011000000 010000 sensibile re·
01010000 0110 11010100ος0 000010 1001000 11000000110001000
00οο00110, 0101 000 000011001000 come 0110001001Ιο 1’ 01000 000
0100010001110 10 00000 10 000 1010 0001010000, 001001001 mns-
01000 10 0101101010100000 esser non 0010000010 000110 000-
0111Ιο, 000 grande 000000; 00100100110, secondo 10000 am·
010000 0 001110110000, 0000000 mollo peso 010 10 calchi: 10010,
1100, 1001000 01 510. Ι(1011100, 01 00010 000010110000 0 000-
0101100, 0110 000 ragione, 010 100000 010 0 000 010 00
00000 000110000110000110001ος 11 00001000 010 11 1100 0011 ’
11 001 1100110000 0 0001000 010 100000 010 1100001100010,
non solamente non 10111110 0 000000 10 000 prima 10100001-
0001000, come 00000110 persuadeo 11 510. 00100010, 000 1 00
nnovo 0000011001οηιο 0101111000οῑος 000011, 00 000010 100
100000 10000 00011000, 011 010010 0000000110 0110 00000 0010-
010010 101 510. 11011100, 001011 10 000 0000010000 00010000 come
0110 000 0001010 0110 divisione, 011 000 0010 010 11 1100, 010
egli 10, 1100110000 0 0001000 01’ 0110 010000 010 continua,
none 00 01110000110110100, ma nn maggiormenie conformare
ii 001000 101101 50 010 occasione 100000000000010 voi, Si-
0000 (10100010, 1 1011001 0 00100 001000 101000000ῑο 10 0010 01
000100 0000000010, 0 0010010 001000, 0 0010010 0000000οἳ 100-
mini che 0100000 011 101 vecchio che 101 00000 mercato. 110
00 10000 01 0000000100110000 11001000010 10 000010110οο 10110
0001001 00100011 1001000 101000 dubitando, e 01 00010000 011
0001001110 01001010000, 000 10 00010 mni non 01101111 11 nulia,

001010 100 11 000010 accusare ii 510. 11011100, 11 00010 01 con·
10000001100000. - Τ. xil. 17

 

