1181 01010001

01101111 01000011,1010011100001 001100 tono 00000011 10110 010-
<inimo motoria 0 10110 0101011010 00011110 0100000 000 000 001-
sibile 0110 10 terro 0111110 01 00000 uo 000110010 ed 000 0000010111,
0 1001010110 0000 100000 00. Μο 001 1000001011 0101110
10110 comodo tutto i' 00000110, 01010110 011 0101110011 000 01000
0111 composti 10110 0101001100 materia 0 10110 0101001010000·
11111, ne pessino 01010 00 accidente 0010000, 00011010 0110
11001010 2211 10 000010 modo: 000010001000100111 0101001000,
011 composti 10 000111, 0110010 composti 11 0001100010 0001111,
. 0001100000010 100 11 100011111100000000 0 00101Ιο1000. 221
00010101100010110 0 1010000, come 0011100010 11 0011110010
0001111, 0000011000 00000 010000 000001110οω. Or 00010 01 00-
11111100 0110 001 100100 1110001010 01 00010000 01100 0110 oon·
10οἰ0001 Ι

non 0100 11 510001 1100110 00001 1111100010οῑ0 00110 100·
010 211-211 01000010 10 00101001 contrarie 0 10 1010001001
intorno 0110 quistione 00 1’ 0110 0 1000110 00110 1000 regioni
sien gravio 00, 01 111000 0011 stesso a terminer questo dub·
1110 10 101 0000110100οι 01010010 100000, 0110 1* 00000 0 10110
001 100 0000010 10000 sien 01001, 010 000 10110 0101001010 000·
0111 0110 011000 10000000010 000 [uoti 11 0010, 0 010 10 0110
001100 sono 00001 0 10001001 in potenza, 000 altrimenti 010110
1100100 00010, 010 01 itero 01 01 1110000 001 0110001, 0 [noro 101
00001101000011000 00001 0 10001011 io 0110,· 00001, 00001011
011οο0000 10 001111 0110 011 stanno 00110, 10001001 10 000111 100011
001100 10000110000,00 00οὀ 000 sono impediti. 10 1010100010
11010 0100 0001001000 10 questa 00010010, dove ogni 0101100111
1010100110 00000 11100000. Ε 00110010 000 00 citi 0110 egli de·
termini 1101100100 1101100000 001 0000110 luogo: 0010111110
011001010 011 afferma 0110011000 000 00011, 01011 01110 000-
viti 0110 quando ne son fuori: poi 10110011010010010 011 1100
0100 011011 0000 0000 00011 0 10001000, 100 10 0010010. Deve
io. 01100 01101110000111110010, 000 000101 0001101011000 000·
1101111ῑί000 00001 0111010, perche 0100100011 011100101100110
0110000 00011, 0 0010110 0110 000 01011 010001010 10 0010010,
110110 0110 001 001100 10110 0011 intende 1010 000010101110
0110,· 0101100010 001 0000011 01011 010001001 10 potenza, 0

 

