138 . 81888888 8888888888

1888888818 888188 81 8118888 888188 11 881. La (18118 8188188118 di 8888,
8188811111 1888818888, 88881 8 88118 piu lardi 818 888 88881 18

. 118888 8188118, 8 88881 Di questa 8118818888 818 8888 8’1888188811188

811 18 8888111181188888, 88881118 maggior 8888111 888 88888 senon
per 18 8881811 sotto 811888188118 8818888181818 su, 8 quanto 1 pin
88888 18888818118888, 18818 81188188888818 18 881888, nb 881 81188-
18818, 888811 1888118188 8118111 88818881 881 8881881888 188888. 1388-
888, 818 1 11 sopra 81181188 superficie della 1818818118, 888 88188118
888 88888888 8118818818, ’888811 1 acqua 8811 acqua 888 8888888, 8118·
soche essendo 18118 18 parti 888818818, 1888 8881188 181188, 8 888811
888 penno: 8888 81 18888 888 8888818888, 818 88 8888888118188888
888 88818 11 peso di 888118 818 811 1 sopra, 81 88118888818, 888118
81888818 8888. 118. 188818 8118888818 888 8888818 888188 1118111888
88888 88888 8188 8118 88 18 18888 8 8881888181 8818881888 181881118,
8811 888 88118881 88818 88818 88118 1111881181811’88888; 88881818 881
8881881888 8188881888818 818 888 8811888188 8818 81 18818, perch&
188888, 8118 18 888818818 sopra, 881 888 peso 18 facesse 881888. 11188-
88811 pith 18811 ascendere, 88881 888188881818118 gravem, 8818111
1 acqua di sopra 888 8888888, 1888888888118818818881881 18118
188818888 18118 118888, 88818 1111881118118118881188811888 181188-
888111 grazia 8888818881888 1881811811 disputare, 8 88 888 88
1818 888888 888 888818, 8888818 perche la ragione 8 18888818888 81
1888888.
’ 11 88818818 1811 88888818 1811888 18 88888888188181188888,888·
818 8888 8888118 18 888188 8881881, 888 8881 818 188 881 proposito 88·
8188. 188811 18888 818 8118 1811818118 8888 manca di quelle 8881881,
818 888 8888888 811888188118181888, 88 8118181181888, comesi
1 8888818 8 88881111818888 18888 8 spatiosa che 188888 1888 8
181888 8 88118. 11181 188118 888 questo 818 888 81888818881818 88·
818881111888818118111, 88 88818818 811 8881118111818118118, 188881888
18 1881818118 188888 81881888. 1188888818 1818888811881118, 818 888
888118 88881811 tempo 888888 18 18888 avanti 818 8818 81 18818, 888
8888888818 888188 18 8881818888, perch& 88 8881888ρί 888 8188811, 88
1818 1888 818 181881888 88881 8 11811888, 8 pure, 888 888881888818·
8881188 88188 subito, 888 88888 888118 811 88881 18 1888818. 18818181·
18888 1888888818

ι’88888188881811818888 8 8188188118 118818 888 88 8888118 11
18888, 18 88818881 88188811881888, 888 moni accidenti, 88818 quando
1188818118 18888888111 Niso, 818 888 181818. 118 818 881818 1818818
quando 1888881888881888881Ν88 1118 881, 818 88 188 881 88818 ve·

 

