331111. (3131111311 1331331. 619

111 133331313 (1311331333 13111113 (1113 113313, 3113 13 3333 ad 313331
(113131 31 3113111133,13131331313313313313331313 31 1331313 13313113 3113
333131333 33113 13 modesima.

113 33 11 33133 1131331333111113 31113111( 3111331333 3311 acqua, ooo
3 boo 313313 311 csso 313 331 31331311131 33113 3333333111113111.113111
3311, 3311133333 3333113333313311131311 (1311 acqua, 33311 31 fondo 31
ocioigono, od asccodcndo 133333 (113111131131 3311311311113113. 113113
333313 33 131 333313 (11 311131113313133111 313333 (13113 saccello 3131333-
iaci (131 corpo 33313313 333 13 33111333313311 (131 1131131313133313, 3
33 1333331333131331113331 (3311133311 (11 complica 3131111. 131 qoo-
313 3131113 oon 33331331311313 33313 bon cicuta 1313131331333311311 ’
8111331113. (11 1131111311 (11 3113 13333111 (1311 acqua (i), 331 3333111 33·
113333 (3333111111 1111 (11 3313 33133311 31131313 313313 1313313, 3333313
raccolti ivi 13 3111 113113113 111313333; 33133313 secondo caso 11 1111313
1133313ῑὶ (11 3333. Tanto 333333331313311313 11 33333333313 (131 ΒΙ-
3331 1131111311, quanio 1113 1133131133 1311131 13 1331331313 31313, 331·
13311331 (11 311333 3 (11 313113 133313, 31313 pezzi 131311, 313 (111131,
333113131313133113, (333313 13 33113; 3 3333311311 33111333 31313 3 aci·
131113 33113 1 acqua, 11 113νὸ 3331313 11 1331331313 3333 3333113311).
1133113 (11 (icosio 3333113313 113331 dunque contrario 31133113 (1133113
1331313 33313 33313 (13 1111131311,

033313111313 331313 33333, cd 31111 113131 331331333 333113 311311
(11 131 (Β), 311313 13333111 1313133 (1311 acqua 313 331 13313 (13 33131
133313331113133113 3333331 3313133111 tenuissimi, 3311333333311133133313
3111 gravi, 3 331111333 3331 333 abbiano 131333 311113133 31113113 333 13
31333313 3311133113 (1311 acqua. Nc 13 cosa 331 33 i impossibile od 33-
3(11(13; 133 313313 ancora 113333 longi (131 conoscere 13111 gii 313111
(13113 31333133 3111311331 (131 13111 331313313311 1131313 331 331313 33
1313 33131333 31333311313 333 sicurezza.

’ 11.

L'ocqoa avrebbc 1331, 33113 33333131333333111313, 333 maggior
13333111 3 1331313333 (11 333113 cho 3333 obbia ass' 13131331 111313 qui
313313131133333113 (13113 quistione do’auoi primi clementi.

iflcici 3331333333, 311313 1113331113 3311133113 (1311331333, mobi-
11331313 333 331131113, hanno 113113313, 11333333 (13333, 333 13133 (11

(11311113113333 111113ηηί333, aa.¹ 1301, voi. 31 31 35.

(1) Ε3331. 11313. 1133333. Fir. 1711. 3118.

(3111313111, 113133111311313313311313, 3133. 151, 118. 6331131111ἰηί, de
(311131 cic, cd 3111113313331113111 moderni.

 

