0 0130333001 033010. 189

1000 333 9331111 comune, 93310 1 13 1019101111. 1311000 130130
13 10000, 003ιο 00390010 11 9301111 contrarie, 303 9000030 33000
310333 00300310333. 1130001110 mi 30003010 010 930010 0110110
poseo accedere 30100930 0 303 30113013111931 e 13 13311
31101 030110013οί veggasi 003 0130 03110133 0 risoluzione 11 101-
10103 03333101 questo autore.

10 mi son molto volte, 301 11030000 0 0113000 3110100
013001 911000001 101 8191103313, 1003310 0031300 10 quale 13000
conveniente 0113000 31033011 0001, peccando 0911 13030110
03331000, come 3003310031 300310 11 questo che segue, 11
9331010 0000010333 1 13100, 0001030011 01ιο 01 103113 303 1
3900300110, 0 000100111οο 3 quello ohe 13 31101 1309101 ho
0001110 1* 30100οε pure 10 porro 103 10 00010311101001, essendo
911 311010301 3330330011 13010 manifesti, ohe 3030000000
3111130911 311Ε911103930, 3113 1303231, per 000103111οο 31

· 333 111000103ῑί0ηο 101 819. 0311100, 000100 030110 01001313030010
ohe 11 13000 013 10003 000 13013 0010011101 03300030 per
13013, 003 quanta 01 03000000 per 1’ eoque: e 10 parole 003
queste: Trouoodosi 10113 100030 10113000, 1333 10110 933111
90300 assolutamente, 0 131100 10991000 30001310, 01 010 per 13111
1 130911 0030 0930130310 90031 0 10991001, 0001 13900011110010
01030 piei 0 meo veloci 301100933010 30113013, mo 13 131110 due
1 130911 0003330 001001 0933130310, 0 9000011303 0103103 13090·
030310 101 003100οἱ0. Μ3 30113130013 precedente si 1099013110
1’09300110,0101010911010001 19301 311 001001 30110013 010
301100933 01 30300030, come 10 me 01 1 dimostrato: 030113 00-
930310 130013, ohe 113 238, pure 01 10990 11003103010, 0001-
30010 0911 cosi: Aozi 1 13010333 11 Democrito 003100 0 01 010000
0 303 1101010110 113 019000, 00003010 0303110010 010 11 03001-
030310101 [3000 1 pio veloce 30113013 010 30100930. Ε1 31·
100νο, dopo 33 13090 11000000 13 provere 131099000330 posi-
1103101 10000, 00301310 003 1311 parole: Adeoque 303011
010030310 010330 010 3030103003 9101 001000 30113013 010
3011000933. veggasi dunque 113003013303101 8191303313,

 

