81 31333133 11131113 1 3111333313.

311333 3111331331313 3113, 133 31333333 31 113333, 3 3313133313
11 13 1333333 333333 13311 333113131 13 331131333, 3 31113
3311311333 31 3113 13 3333133131 113113 333113 3111333 33113
33131113ῑί333 3311333331, per 13 33313 31 3311313 13333 3333-
3131333 331 13333, 3 3’ 1313111133. Μ3 3113131113 333 333 13133·
der di questo impedimento 33113 333113311333, 331 33313 3311
33313 313331333, nie 3313133 31113 3113 13 1333313113 31 1311

minimi, e 13 1331313313 33113 313331113 3311333333 331131131
331 3113 31 13333113 3311 113113 33113113 331313, 3 333 3311313
333311333331 1113 13 131 3333 ne 313, ne 13113, 331 31133113·
31311 3113 31333, 31 3331333333, 3311 3333113313313 3133333333.

Passa poi 3 33313131 Democrito. ii 3331, 33133313311313-
313313, 1313133113 313331 313311 13331, 1133311 3331133333313
333333333 per 133333, 3313333331313 33 3 333133333313 3331
33131 31311 3113 1333313 313113 1313111, 33113 311 31131113333-
3333313 31 113333, 3313113 33333333ῑί13 33’ (13111 313131 333113·
313 1313 3 1333333.

(1331313 (1133 3113131113 333313 333111333 3133333, 3113 3111
(1313133113 133113 3111 3333331 33113113, 313331311 1333331313
Democrito 13313 333113 31 3(1; ma (1333 aver 133133 1133111313
. 13 33133113 11313313313 333 (1113 3113 3331 3313333311, 3113 33333-
3333 13 3113, 13333 1313313333 33113133313. Qui 13333 3113
3113 13 3331333 3333113 33 [1331331113 313 1313133 diro 3313
33131131 3113333 131313313313 13333 333131313 33 3113131113,
3133113311 3133, 3113 33 1113331313 3113 311 313131 331131, 3113
333333333, 3331333333131 33131 31311, 313 33331 1313111, 3111
331311333 131 313113 311133113113 3113 331133333331311313133,
3313313133 33113131113, 1 13333311313313333311 331131 3333133-
3131 13113 3 13133113 33131331333331 13113 3113 331 1333113. Ε
33 333313 3, 3133313 13 31333, 1’ 13313313 3311313133, 331311
(13131 3331333 31 3311113131131 33333 3333131 133333313 13 3111
133 conto: 311313, 3313113 que’ calidi, 3 31333 3313333311 13331,
331333 3331311331, 313 3313313 31333 333133333 31313113 3113
333113 13 3113 3333333 13 33, 333 3 3133111113 3113 3111 131333·
313313 3313333 331 13113 3113 331 1333331 331131113333113
331311331313 3111 13331333333313 31 13331333 331 133333
3113 331 13113, 33133 ’13 33113 31 33313 11331313311313. 11331

 

