331 3311333333. nul

333113 13 oum 3333, 3 33313333333113. 1133 13 331331133313 11 333313
(13111113 133 3113311331, 33313 3313 11 Pudnu Dcschalcs‚ 3133 1333313131
solido 13131333113 11 3311331113113 1131133333, 3311 solamente 333113313
333 13333313 csso 11333331313 131 luogo 3113 egli occupa, 3113331313
33133113 31 un' 31113 31313 133333, 13 33313 non sic 313333, cicc 3
33311313 33313 313311 1113313131333 131 331113 3331Ιί111313 133333 13
131 3333131133333131333133131 3313113 333313 3311 33333313 11 luogo
11 quesn, (133 provoco 11313333 3331331313 3113 13 133313 133333 13 331
133113 3331333333313. 033313 (1311113313 31133111 3 331 31313, (1313
133333 (11333331313 13113 partu 131 331113, 3113 31 summotus, 1313313·
3333131133313131333331 1331331313, 3313 13113133331313333 3113 133313,
3311 1131311 3111 profondum, 3333313113 3331313333 3 13113 13333 11
3331133333 3113 311 313 3111313133, 13 33313 3331333 133311111313; 3 cio
piu 33131333313 31 provo 13 33 vaso picco, 3 331133 133333131133313,
3133 13113 333113 33331113, 3113 vieno (131 331113 13 13113331 11333331313,
31 13131 131 vaso, 3333 3333331333331113133331 in 333313 cuso 13 33313
summersa 131 331113 33331113 333313 3113 13313 1311113333 313313 3 3333-
31313 (13 3333 3313331313333131, 3 333313 333 3113311113 porto 133333
1131 3331311313 11 331113, 11 33313 331133333311113 333 3313313 333 1313333
11 3331133333 3133 3333331313 3313113311 con 13 13313 11333331313 (131
vaso, 3 (11331 3113133313 331 solido 3133 13 luogo 11 333113 ὁ succeduto.
133. 21. 1311133311331333 3331313 131 333313 luogo 131 11311133,
bouchu 1331331133 3 3131313, c 31313 impugnata 131 1111. 1. V. 111 3311·
1113113131 133133313 1133311. 13313313 333313 1131313 3113 1333133111
perturbans, docui 11 333133131333131333 13 333 conclusione, 313 11-
3313313333 33 1333113311 piu 131 (133333, 3331333313 33113 13131131
1113131,131131333331113 11331113 1313331333 333333 sci 3311331333313·
(1313 1331111313133313. 1133311 313133133113 13331131, 3333133311 333 133-
1133 3131331133 con 331 3333 1133331133113 11333313331333 131 Gaulos,
sonu i 33333311 (Tuo. 11, un. 7):
Ι. 113133313313 131331113 M 331 vaso 3333313 SE.
11. L'obbssssmcnlo 1311113333 ENSF 1313113 vaso.
111. 13333331131311 3333133333 circonfuso 31 solido.
lV. 1.3 baso 131 solido 11.
V. Lu 3333311313 (131133333 331 suso 3111 omnio DB.

vl. 1133133333133313131133333111111) 1313113 vaso.
111. 113133133313 131 solido M 3313333 3111 331313 1111.

11311333333 11 primo 13131133 31 secondo 33313 1113333 31 quarto,
31311333333 il 333113 31 331313 3331311 33313 31 33111313, 333 31 331
333 1331113313 3331311313 13131133, 3133 11 33313 311331 secondo 33133

1111133311131331. - 1. ΧΙΙ, . 11

 

