111 331333111311

333333331133133111331313 qualche gran 3333 31 33313, e nondi-
meno, come 31 3 33113, 3 Α313131113ς 3 333 133313 3133133133 33333
conforme 31 princip] di Democrito ; 3 33333313333, 333 333 questo
3133311113 31313 13 1113. 1313333133333 33 13 proportione del 13333 3
331 31333 losse quella 3113 3331333333, 3113 13 3333 33331113 d' 3313
non 3333333 33313331 313 velocemente 31113313 3113 13 31331313333333,
1311313113 33 3333133333 3113 333 3333 33331113 333333 33113313 31
3313333 31331333 31113313 333 3333133133113 3113 333 31331313; 113113
33333 31 333133313. 13133331333113 13 1333331313 33333311333, 333 313
333113 3333 33331113, 3 333333 33113 31331313, 3. 3., 33 13313 31 13333
3333 13311 31 13333. 113 3113 333 gran quantita di 33333 31 313313
33113313 313 131333313313 3113 333 31331313, 3133313 31 3 dimostrato
(13113 13333, 3331 3 133113 3 1333133313 331133333. veggasi 3331113 313
13133333313 31 313333 333 3333 (133313, 3113333113 31111331 minutissime
33333, 3113 3313313313133 33 31331331. 3333333 333 3131111313 313333
3311 argomento 31 3313131113. Quanto alla 3333333 3331333, 3113 3113333
13333313313 333133 3Ἀ313131113,3133333; Se 3 1333 3113 (13311 elementi
33133131 133 313 333131133313313 33313, 3131133 333311333331313331313,
'e 3331 31 313113 33313313133 3311333 3 331131133 natura, ma 13313
313 331 13331333 3 133333 313 331 grave, 3333333 3333 333 gran 3333·
1113 3’ aria, 3113 3333 313 33313 3113 3113 31331313 3’33333; 31 3333 con-
siderare, 33133 bene 313313 13313113, 3113 Democrito 131313 333 311
elementi 31 313113 1333133 composti degli 33133311,33113133331333111,Ι
1333313 ,1313131113 3133 3113 1311133331133311313133311 33113 compo·
311 3’ 333 31313313 remota 3 31 3331133 31313313 pressim, 33113 33311
3311 33 3331 3131331113 113 33333113 333; 3113 terra 1133 materia grave
33331313; 31 13333 333 13331333 33331313; 3113313 333 13331333 rispetto
3113 133333133333, 3 31313 31333113 31 13333;311333113 3131331333113
31 13333 3 3113313, 3 13331333 31333113 3113 13133; 3 131313 ancora
31131331331333113 31133333 13333 assolutamente leggiera‚ 3 133333 ri·
333113 3113313 assolutamente 33313. 113113 33311 3331331 3 3133113313
13 3111333313 333 3 133 13 333111333 31 Democrito e quella 31 331313-
1113, 333313333313313 33333 13113313 procede 333133 3 Democrito, 3
333 33313333 3313131113. 13133331333113, 3333333 13 333 33313313, 311
elementi di 313113 333 13131333 331 333 33133311, 31 33133 13331311333,
3113 3 composta di terra e di 13333, 3 331313 333 33311 3 1333113333
333333333131311133311 gravi 3 13331331 3333113 3331 3333 3111 3311, e
3331 33333313 13 loro natura. 1133133331 cosa non si pud 133133333-
dere che una 3333 33331113 3’ 3313 31 possa 13331333 313 veloce al
333133 3113 3113 31331313 333333, 333 esser quella 31333113 31133333
333311333331313331313,333331331333113 3113313 3333113333313 graver

 

