0100011οο 1110111101 0111000010. 111

10 0011000 110110 10 0110, 00010 01 vodo per 000101110 10 00
001100 oi 10010, 11110010 10011110 0011 10010 11001100 0 111000
solamente 110110 0101110 00110,100 101001001011 aequa di·
101111 01 01010 0110 discendere 01 1001100011 1101 0001000 1101
00010 11000 00010010011. Α queem io 101001ὸο 1100001010 00010
111 sopra, 0110 000 110 010111111011’001100000100010110011011
1000 quello 0110 10 1110 01 fondo, 010 10 01011111 proprie 1101
rame 0011011010οΙΙο 01011111 10 10110010 1101100110οε 011000 11
rano 10000 11100101100100 01010 (1011001100. 000 1100101011ὺο
1000000 0 10110 0001010100101, 010011 11010101οο11 1011110010 Ι
come fondamento e 110010 0110010011001100 00110 1110011010 100·
10110, 0110 10110 0001000ῑο 1100110 01 1000 010011 1010100100
110110011000101100110 011010 000100ον0 0 00110, 011000001ιὸ
· 111 101 0 1101 10100 01 100010 00 0010110010 men 01010 11011101-
10010 00110010 11 10000, 0110 occupa il 1000 0011001100 1000--
110 001100010, 000 1000010 01 10100 0010, maol 10100 0 0110110
10010010, 01ιο 11001110 quella 110110 del 1000 0110 010 001101111-
1011011011001100. Quando poi 00100001011110, 01 11010010
10110, 010001 00 0010110010 di 10100 0 11001100 11111 0101010
10110010 1101100000 0010111100, 100 000 10 111111 (1011001100 10·
1000, 10 quale 0111110 maggior 0101111110 speeie 110110111001100,
010 01 11000 110110 01011111 1110111ἰο del 10010 e 1101 1011000·
11000 11011 0110. 010 01 00010 quel 0110 11100000, 11 10100, 0110 1101
000 00101010 01 fondo, 11001010 10 101100 di 1000 00101010
110 101110010111111 di 0101 0011001100 00010 discendere, di·
1011110 11 10100, 11010111 11 10010 11001010 10 (1001001100 110010 10
00101110 01100110, 11010111 quello 0110 01 11000 0011 aequa 010
0001111100 rame, 0 000 1 10 110010 del 1000 (100110011010001-
10001010 11 10010, 100 11 000 esser 0001111100 rame quello 0110
01 11000 10 001100, 010 00 000100010111 10010 0 di 011ος cosi
01 11111 01 meno 110100 0110 000 001111 101110 111 10100 0 11011000
00110001 10 111111 110110 110010 00011000 0 pinna, 10011000 1 1010
r 0110011010οί0 senza 0001001001οἰ 11010111 1100110 0110 01 11000
0011001100 000 1 reme 001110110 0 0001111100 011000, 010 00 00·
0100010 111 1011100 (10110, 0 11 ebeno 0 11Ι 0110. Ε questo 000

1000110 01Ιο 0110 00001001000, 11 110010 avendo 11011010 mille Α
10110 1001111 01010111, 0 0011111 101110 di 10110 01010110 01011 001-

 

