1111 “ 33333333

13333333 3 331313 33131333, 13331333 simili 1133313331331, 3
aneo 311 (131311, sedi 3113 1313311 33 33 1333333333; 31 33333
¹ 311 13333133, 333 313333333333, 333 33313 3113 1331333333 1
333331133113331131, 333313 331 13 mente 333133 3131311113 3133

, ester 1133313 imperti esser 133333333313113 11 3333 313333 11-

versa 131 33333111 gi'e impresse detta 3331 3331331313333133-
31333, 33111333 gii se ne 3333 331311 3311133131 33333311, 13113313
eene 3331333 333333 essai de' maggiori 13 333113 3133 segue,
1333 3333331331331 11 111331333 1313131113, 31 13 3333333333

11 1331311133 prove di 11333113, 31 31133313 3 scrivere 3333
’ 1311, 3133 1333 1133313333 quanto 3 331, 3 333 31 8131311133,

31 3333313113 133313333331333, 3133 333313 13 questo luogo. 11-
333133 E 3133311113, 11131333(1313,3113 ne 331 31 3113133331-
31113 3333333 questo fallacie? 11111 331313 3133 333 3333333 3113 331
it sete 33333131 Ε prima 331 11133113 1333. 165 3133 quanto
311131311133333 131 13313 1131313113, 13 333113331311333331313
simpliciter 3333331313 3 333 13 333313 caesa 3 333 11333113 (333·
emi, 131331333 3333333 11 3331331133, 3313333111813.11311133
13331 13333 1333 gli piace, se 333113 333 333331133333
. 111133331313113333133, come 13 11333113. Α questo vi si 31-
spondete 333133 grammatica 33333 13313 (1111333313 (13113 33-
3133, 3133 3331131333333131333 131 (13113 333331313, 3133 3311113
333 saper 3313333133 131331333 331 33 333 11313333 cose, 13
so (31333133 induce sentimenti contrari, 31 3133 13 333 modo
1133113313 13 figure 333 333 33333 3331131133 importerebbe
, 13 figure esser cause (13113 (33133133 3333. 13333333131333-
giugneedosi 1333331313 313331131133331 333133 33333331,1133313;
tetigere 333333 33333 (131 (33333331 3333113333313; 31 tiene
3 33313133313131333313 13113 113333 133333 3333311 33313; se
i’evverbio 31 3333331331 33113 33333, dicendo: 13 figure 333 sono
3333133333313 33333 (131 333333331ς333 (1313333133 3133 13 figure
333 31333 33333 1313133313, 333 33133133 3113 333 3333 33333
33331131 3 33331313, 11 3133133333 331, 1333 33333 33333 333 ee·
31133133 3333313313 131 muoversi: 11 quat 33333113 ὸ 13313111-
1333113 131 331333,3133 1333 e 3333 3 131133 ὁ 13133.
(Peg. 165) Ma ((33 33 3131313 (13 queste 33.
13333 eo 333 3131 331 abbiate 3333131133313, perche 11

 

