lllil 31313311

313 ὁ 3113 13 3331133313113133331111133113 133111, 113113
113313 egli lin qui 333 1111333111 di 31313 31113313131313113
11 333113113. 13113131333111133 13 333313331313 33113331333, prr·
31113311 plir 13331313 (1311331133, 3333 perch& non 11333333
1311113113 1331313333 di 11113113, adunque 11 3333333113 3113 131
3111111313 3113 elimo 13 pomino 13313131333 3331 ὁ, onie
3111333311313113313133131111333 333313 33131313 113113 3333
11111 13331313, 3 113113 11111 31311 33, dicendo 1313113 13131113
111 111313113 331133313331131 333 113131 1133311313 ln 1331313313
11311· aequal ·

Segne 3111113333 333 3131113 31133331313, 1133113113 3311131111
clinem 311313 3133111333 3111 311 133333113331 1131133313 13133
3 non 1311311133, 111113 31313131 mirum .· 1113 leno 1111131133 ⁴
11333133311131113 33313111 <lello 3333333113 1133313, venena·
qurrlo'anolrlrnle 1111111 113331 piri 11311313 1111 3311111 1131311
11111 313331311333113. 01113313 313 11 8131113313 11333 33113111
nelle 3331331 (1311313331133111 3113 113311333 3113 3133313133
311331 1331313313 (1311131133 33133 3 dalla 113133 eo.. 3331111·
1331 3113 13133 333333 31113 di 31131111331313113311313113 3133·
3131 3311111113 dl lui; 313 313, 1131311113311 311 113111313133111
1133333,1311131113333,3 1331 1111111 e 3133 31313 13 relatione
311’331113; 1113311 termini, 13 33333 3113 311 simo 133113
333111 3311 usa 31 13133313, 3111333113 l· 3313 esser 11111133·
31313 (1311331133 dolce, 3 1113131313113 3313331 si 3333131
3113 33 3111111333, 13313 (1311311113 3311333131 33113 dolce, 3
11313313131 33113 33133. 1113 33 313 131 13133113133113131333-
3131 3131111 (1311331133 13 131311333 31 mobile 11311 esser 33-
313331131 3113 331133313111,131311133313133313 131 13313 in·
13133311333111 siria, non volendo in 33313 313333 31131131
311111, 3113 1131 13 333 113333111,3331333333131311331111311331
3113 113333 13111 1 ridicoli i 3113 11 513331 Graia, 1131133131
31111113113 13 33333 di (133313 3113113 3113 313331313 0 minore
3131111131 31311113 11313113 31 133333, 311 1131 3113 3113 313
1111331313 13 31331313 333, 3113 11 8133316311133 333 31 3111113
1133113 113113 313333, 33111133 3311 333113 11131 3331111313 31113
3113333313, 311 1131113 3113111 11113313 3313 31 l 1331 111313·
11131333111311113131133113333331 1331331133 luogo dalle

 

