622 11111111111

otono esperimento 1111111111, che 11 11111111 (11111111111111111
1111111111111 1111111 parti 1111111111 1111111111111111111111 1111111111
1111111111ιί 11111111111111111111111111111111111111111111111 11111.

Quando 11 pono 111 1111111111 1111111111 111 11111111111111111-
111111111111111 gravo, 11 quoto 1111111111 11111111 111 111111111111,

‚ 1111111111 1111111 1111111 111 11111 11 111111111111,11111111111111

pona 111111111111111 dett'aoqun, 111 111 11111111111111111111, 11111111
1111111, ohe in 111 1111 1111111111 11 pona, 111111111111 1111111111
111111111111111111 1111 11111111111111111 111 af* operimento. Ε
1111111111 11 (11111111111111111 1111 11· 1111 11111111ᾶί111.
’ 01111111111111 1111111, 1111111111 111 111111 11111111 1 111 mo·
11111 11111111 11 111 1111111111 1111111111 1111111111, 11111 1111111111
111111 1111111111 superficie, piegandota 11111 11111111 1111 11111111, 111
1111111 1111, 1 1111 111 s‘appoggi 111111111 (11111 11111111111111111111
1111111111. 11611111111111111111111111111111111 11111111, cho 11
111111 1111111111111111111111111 1111111111, 11111111 111 (1111111111
11111, [1111111 11 1111111111 11111 oportuni, congiunto 111 peno 111111
111111, 11111111 11 composto specificamonte pn 11111111111111111111-
1111111111 orginetti. 11 brono, 111111 (11111 1111111111111111111-
1111111111 1111111111,1111111111111111 11111111111111 111111 1111111
specifica.

0111111111 mai 1111, 11111111 1 111111 11111111111111111111111
111111111111111111111111 (111 1111111111

&operimento 11 Ho [11111 111 111111 o 11111 (11 11111111111111111
11111111 11111111
Lu 1111111111 (111111.·111111111 1111

’ n 1.· n 115 (111111111111111111111111111.
11 3.· n 1 ,111

111111111111111 111 111111 molti (111111111111111111111111 vario
1111111111ος 111 1111111111 11111 1111111111 111 butiro, oudo 1111111111·
111111111111111111111, ho procurato di nonginti, 1111 ,1111111111-
111, 11111 superficie dell'aoqna in modo cho vi 11111111111111.0111111
1111111111 1111111 gallomonte, 1111 vi deprimevnno 11111111 11111 1
mono [111111111111111111 1111111ῑί 111111 111 intorno, 1 (1111111 1111-
111 11 1111111111. La 11111111 (11 1111 1111111111 1 11111 1111111111

1 11111111 111111 1111111111111111 e 111 111 1111 11111111111111111
11111111 1 111111, 111111111111111111111111111 11 diametron 3, 111 17.
eben anone 111 18111111. Ma il 1111111111 111111111 1 111 1111 111 lineo
11 diametro 111111 111 ponza 11111 mono profonda 1111 1111111111 do·
11111 1111111111.

1 11111111 1111111111 11111111 1111111111 11111111, 11111111 11 quinto

 

