1111 ιιιο10οτ0

quale 00 0011010000 000110, 101001010111100110100001 1010110,

· . 0 101110 1001111 0110 0011001110, 1100100000 011100001010110,

ne 110000 0110 1010 001 01000οἰ10 (11 0110 01 110110. 110 110101·
110 0000 11110010, 10 0001000, 0110 0011 adduce, 0010 0110000
011010 1010101111 0010 000 0011 01 fondo. 110001111ιο 010 100010
10 01001110 10110 (dieo secondo 11 0110111010 (11010010ιο1
000 (100 00101 0000010 senza 000010 0010111101 0011 010 0001110
011 0111100110 ι (11010010, ene 1 110 101100100οι1001011011001·
01000110 01100 01· 0111000110, 0 pere 1100011000 1000100110, 0 000
0010 01 101010. Qui 0110110100101110 10 0010, 0110 0111 110000110-
cin nintrodnrre (101101110 qualite 01110 0110 110010, 0110 011010
010 00101001 venne 10 0100111ς 00001 00010000 10 (1010110 0011-
110010010 00110 1100110010, 0 010 01 10 innanzi 10 001000111ς se
000011ὶο100 00 0000, 0000010οι00 10110 000 1010101101Ιο 10-
11010110,00011101110 1011010110 10 (10100110 (101 10010000110010010
00110 100101000ῑο (1011· aequa. 1110 101111001οωί 001 010 00 000·
, 010 0010001111 1100110 (10110 0100111, (1100 01 sig. (1010111110, 0110
sequente 001100110 110 10110 0 1 01000 ὸ cause (101 001100·
01010, 00111 1010001ιο 00 000 01 1000 1010 0011100111, 101010-
10110 000 010001010100111 0101ςο100010 qnando 0110 010 00010110
000 01 000101010000 se non (1000 0110 1010 10101010 0100111.
110 10 000110 concedere 0110 egli 11000 10 1010101100οο 0010·
mente (11 00010 mn (11 00110, 0 1010100 interno, e 0110 110000
000 solamente 00110110. maeel 0000, 0001000111 100οιιο 000
00000 mai 1101001010 1001000111, benene 10 1010101ίο 010000
0000 00110 neque un mese, 0 nulladimeno 10 011 fare vedere
0110 0001 unta, senza riguardo 010000 (1001100110, 0110 00 00
andern 10 sendo 00110110 0001 0000, perche 01 1101000010010. “
010 01010010 0000110010 qualche 1000000εο (11011001000 0110 01
1110111011, come e 0000000110 001 101 101 0001ωο101000, che 10

0100111( 01 11010010, 0ιο non 0111 1 0010001111, 10 quale, 00 1100
10010 0001010 00110 101010110,010010110000000100000110 01000
01 810. 0010111110, 0 000 00010, secondo 01100011 1011010110 0110

000 operi. 10 (10000110 (11 0001110 01101011000001001110000
in 0110 00001010000110 (1011000110.

(Peg. 149) 11111 (0100101111, 010 1000110000 00.
ln 10110 Archimede 000 01 11000 001000 00100000110010,

 

