121ι 33333333 3333333333

31 13313 333 causa detta 113333. E quantunque 333 13333 3131331133, 3
331133313,33331333313 1113, (33313333 13 333313 33311331333, 13 31333·
3111313113113113 3331333331 (13113 113333. 111 333313, 813. (1311133, 333 33-
31111333 3333133 313331 13313313 33333 solamente, 3333 13331333; 33 333
1333333 3 33113 dat fondo, 333 t 3 333333113 33333. 333 13331333.

Non dite voi 33113 3331113 eost: Come 333 33333313 33 solido (11
113333 3133133 3313313133 31 13333, 3133 31313113 13 qualche 31133 113333
33333133131331 Cost ancora 13 conformate 13 3331131313333 3331113333
carte 12 373. E 31331 S’t egli 3331 333113313311333333131 Not 3333,
813. 11311133, 33133313 3133 (11 33313333 333133; 33 333 33331133, 31-
meno 3333133 33313 1311331313 3 133333 333313 3313313 33113 3131333 3113
soconda 3133333, 3133 manifesta 33333 33333 333313313, 33 1333 333 31
313333333311311313 quet 3133 33333 13 13133 33131333, 3133 quanto 3131
31 33333 13313 3333313 3333, 13313 333313333313 13 333111 13 3333 13
3333311333. 1333333313 33331313 133 33311313 (131 333331133311333331333
(131 133313331133333 333333, come se fusse 13 33113, 3131 (1131 mai 3133
abbiate 33313333 (113 3133 13 figure (1133333 333 3333133113333113 (131·
1311311131 333 3331333313 3133 3113 333 33333 (13113 13331131 3 33133111
(131 moto. 113 anche in questo membro (13113 3331113 33 (13113 3133 3113
3133 33333 (11 331313. 31331 31 3333313 (13 331 1333331133 33313313 1133
3113 3331333 3333133 13 333313 331333 3333133133333333333 universat-
mente 1311313 113333, 1133 1 3331 3333331, 3133 33113331333. 1131333313
3133 31 31313313, 3313133 33113 3331113 333 3 3333113313, 3 333 3331333,
333313313313 31 313 mediante 13 figura, come principa! 3331333. Ma 13
veramente 333 33331 13113 (11 questo 33333113 33313 di 33311313; 3333133
13 333111 3, 3113 11 3333313 31 3131313333113113333 3133 33333333313333
331333 31 fondo. Che dite adesso? Adunque it 13333 comune 3 333113
331 quat 31 (133333 333333 1 33331, 3 333 3313333313, 33133 331313 331,
(1333 333 3333333, 13333311, 333313333 quello 3133 33333 13 113333; 333
33313111 31 (13333 333333, 3313133 13 131 (3331333 13 33113 3313113, 1333 3133
33313113, 3313 31 fondo, 31333133113 (131 3333331333 3333 3 (13113 313333
33313313 33313 3 33113. 333133 11 33333 333133.

113 (133313 argumentur contro (11 333, come 1313 3 333. tt, con (113
313313 331331313 (13113 (1133313 311 3333333τί 333 33333333 3133 13 1133·
33 333 31 3333333333, 3313133 33 333333 (131313133313,31333133113, 33-
rebbo 33333Ιί31113 11 (1133 13 contrario: 3333113 13 333 331 333 13333133
(1133313 (11 33133313 333 331, 33 333113 333 33313 1111 (131131, 33 mi
3 133113; 3333 3113333 33113 333133 conventioni senza 3333313313
(1133313 1333.

133333333313311 313, 331 quarto 13333. 313313 (3313313 313 333 3313

 

