ιιι 11111111 11111 1111111. 129

e 11 111111111111, 111111 sopra 11111111111111, 1111111111 1111111111
11111111, 1 111 11111111111 11111 111111 11111111111111111 hagnete 11
11111 111111111111, perche 1111111111 111 1’ 1111111111 11 111111
11111111 111 1111111 111111 1111111111 11 e 11111111111 1111111111
11111; perche, 11111 1111111 1111111, 1111111111111111, 1111111111·
11111 11 111111 11111111 1111111111 111 1111, 11111 11111 111 1111 111
essere: 11111 ιι. g. 1111111111 111111111 111111 11 pene: e 11111, per
11111111 111 111 11111111, 1111111 111 1111 11111111 11111 1111111111
111111111111 111 111111, 1111111111 11111111111111 1111 perte 11
111111, 111 1111 vi 1111111 11111111111 1111 gli 1111111 111 11111111
opertum 1111 e 11 11111111111111111111 1’11111; 111111 e 11 11111
111 111111 ιι 111 lardi 111111 1 divisa. 011,1111111111111111111 11111
111111, 111111111111 11111 111111111111111111 prime 1111111, 11111-
11111111 11 1111111, 1111111111 11111111 111 1111111 per 11111 111111,
111111 11 principie ρ1111111; 1111111 111111 diverse 11 divisione 11-
111111111111 11111111 1111111 corpe, come 1111111111 11 1111, 111
1111111111 11111111 11 11111111111111, 111, 11111111 1111111111 1111
111111111111111111111, 1 1111111111111 1111111111 1 11111 amomo 11
1111111 11111, 111 111 111 11 figura, assolutamente 1 111-11 1111, 11·
11111 11 1111111111111111, 11111 produt 111111 1111111ς 11111 e'e
1111111 11111 11111. ,111111111 vere, 111111111111 1111111 11111111
11111111 1111 111111111111111111111111 1111111111111111 11 111111,
111111111111 11 111111111, 1111 11 11111111 11 1111111 111 greve 111-
111111, 1 111111 111 greve, 11111111111111111111, poiche 11111111
pene 1111111111111111111111 1111111111111111 1 11111, 1 11 111-
11111 111 1111111 11111 111111, 111 111 1111111 111111, 11 111 111·
111 111111, 1 11111111 111111 1111111111111, 1111111111111111111111·
1111 1111111111 1 11111 111 11111111.

111 11111111, 11 grazia, 1 dervi qualche 1111111111111 di veder
11,1111111111111 11111111, 11 111111111111 1111111 1111 11 11111
111 111.

1111111111 11 1111 11 111 11111111,111111 veramente, per 11111·
111 11111 11111Ιί11 111111 11111 111111, sende 11 1111111111111111·
1111111111, 111 11 1111111111111111111 modo 111111 ; 1 1111111111111
11111 urge 1 1111111,111111 11 1111111111 e 111111111111111111111111111
11 peso 111111111, 1111111111 1111111. Dipei posalele 111111111,
1111 11111, 11111 11111111 111 11 regioni 11111111 11 111111111-
eon: perche 1111111111 111111111111111111111 1111, poiche 111111111
111111, 111 1’ 1111111111 111111111111111111 1· 11111 senze 1111 11111
*namnetim e 11 1111 pose 1111111111 1111 11 11111,1111111111111

Gnme 11111111. - Τ. 1111. 17

Q.

 

