1111 sonus 31 3331333

13311, 31133313 3113113 313 333 33311313 3 13333 3331133133
3113 131333333133113 3313 33131333, 1333 3133 3333113 :vero

333313 11 33333 1133131 33333111 13 3331 pochi partiminii, 331
33311 3113 11333313 13 333; 33 13333, 33333 3113 benissimo 3313,
333313333 1333333 miei errori, poco 31313333331333113333 31-
13333333 1333, 3333313 3333 31 3333331311, 313313313311 33113
quistione 313 31 133113; 333133 333113 3113 bisogno oh’ io logga
133 3114333131 1’ 33 31133 3 333133 333 1311331 mano, 333 33-
13313 3311333 discorso 333113 333131133,331333333331333
Ι· 33133 13333313 quei 1313131,313 V. S. promove, 3 333113
’ 3333, 33113 33311 13 331 3333333 bisognoso 133 poco 11 311
manifesta 333113331333, 33333313 33311331133 ohe 1311 1311131
1333333 33113 333 3131131333 1311333. Ε 33133311. S. 3333133
33333 3113 131331331333 33313 31311 33133311133, 333 13 33313

, 13 voglio 313 13313 31333313 311 3331313113 1* 313333 13 33313333

33331133313313 33333333133113 133333. 033 13 questo 333-
11331333 113333 3133 V. S. 333313, cho 333313133331331131311
3313311133 333 13313333 133 33331133 3313313313, 11333313
13113 3313 33131333 31 31333313 agii 333333331, 1133313 133-
3331331 33333313 13 33313 333331333, 3113 31333333 333313 ΑΙ-
13333 sereniss. di 331333 313333 3333313333 13 333313 333333113,
31333 33313133333 313331 31131 13’ 13131 333333331, mentre 13
3313313333 33133 333 331111 13113 1* 3333313 331333 133 gli 33·
3133111 131133333, 3 11 131 3113113 3113113133133331333 31·
13313 333133313 133133313331 3331313111 1333311333 3113 13113,
3333333311 333113 3133 31 1333333 3311311 1133113 131133333
333 333 33313 333 3131 grave 131133113313 33313 1333333 31
33313, 333 333113 cho io 311333, 3331313 11 13113 333311333 1333
333333 13113 mafliers, 333, 13 3331313113333 333331331333·
31333 11 3113333333 3 113311, 33333311131331113333 3 molli
31131 signori: 31133333 331 3333131333 3113313 333 31311
3313311133, 333 13 31313 3113 33333 331 3313 1333333313 333-
3333 1 33331 3 31 contigui? 3313 331 3333313131 33113311313
occasione di 133 monzione 131 33313, 33133313133133331331
13 331313 3113 13113 gravi 3113131133333, 11331, 3313331331
agii assessori, 1133311, come 13 13113, 31113333331313-
3333 13 3331331131333 3113 33333113113 33333133333 E 333313,

 

