136 11110111

10 11 remote regioni ,101 10101 quello 010 3000 10 casa no·
1113 10110110 13101 vedere: 130010 0000010101130000110110·
qua di quel 1330 0 (1001 01311001 1011010 00100 1’ 31110 aeque
0 131113 10113, 00110 13110 1010010 10 81113 033110331311010,
310301 modo 13 10111103101111100301100 0 101113 1310110
13010 101011010 3 (100113 (1111011110οᾱ0 0 del 813.(1311100,(103010
(1001 11001010 1330 1181113 ie inferiore 1031301011331011010
31110 303110000010101000101100010010 13311 nomini. 0131100-
1010011010 131 101113 10111103 1110300, 10 1’ 3331030010 11
1101010 essere 13110 1111011313101013, 0 10 pure 1013, 101101
necessario ohe 0 (1301130103 0 quella 10113 11000 differentis·
0131013113 001113 11 031111311311101311813001 (1311100
11003131011 10110131010 qualche 10301013 11 110οο301100 13
11 31311 01011113010,0010011 101000110011311310, 103 101
1100 101010 conoscere 13 001101131101,813.(101011110,311001010
3 1110101310 sopra 1 00101, 0 10010010 nominare quello nn 1330.
0 quelli 10311001, 0 1310010 010 0001110010οη10 1 13311 1000
pieni di 30303, 0 010 110311001 11 13000 1110113,οο01100-
131011 11001310 piu 11, 0 031110011013011011(1111011001110-
1010313101001101 10110130 00113 0301 11131333013, prima
0110 0001011310 1013 3100113 benoni evidente dimostrazione
101 8131131110ος 13113 (1031 risoluzione 11 1310131011311011310 ,
1100 310111010,’0110311310111103 101 1000310100 000 irn-
110113 00113 1011 1101101031οΙ 133011 81113 113131010100
1010; 11010111 310113113 10011131οο10 13 1030131Ἀ1011110010
non solverebbe il (1111110, 0 0110 1101111 813. 6311100 13 101
13101310 00100 salsissima. 1111001100, 813. 60101010, 11 101110
11100110 11 persuade, 010 3 101010 010 003 103013113 1100130
10003,11103010100113113 1310 01011 3000010113 render
ragione 0 1011010 000 1013100010 1 110110011 1011, rna i 13111
0 13101011 ancora? Ora si 010 1011 conoedero‘olre il 813001
(1311100 000 31113 101010 10 (13011010030111000310100,13311
1011111101110310 0311 000 3110110 1031 1311010 11113110 0011
1010000 ponzia: 1013100010 01011001 10110 uomo v'ha 13 re·
slare 100110 011113310, 010 11 1000 10111001010, 00011 aon·
13100010 1101011101310. Na 1010110 3 13110013103131131131011
(101 101110 1030300, 11 quale sa 1300011013 00’ 1110110 1310-

 

