υ( 10001100 00111. 10101111. ¹37

01100000 11001100 0110111001Ιο 1010110 0111 [0110100010 110 10 ini·
000110 0110 000110 10’ 1001, 001011 non 111010 11 1001011010 10110 00111
1011001000 001111 insieme, 0010111110 011 ragione di simigiinnzn?
11100000 10110 1011 00100 001100 continuo 0 1110000, 0100100111100- ’
0000001 00100 0101001οἰ 10110000 0 00 01110 10 000 111000101110·
000 1101100110, 0011100000011 0111100101, adunque (1 viscosa.

10 01110, 10 1001010 non 10010 00100 continno, qnando 0110 giniac-
010 000 1110110 10110 00 00100, nin 1110110110 000 massa di 001010-
010011 0001010 10110, 10011100010010 1010100001011001 0110001010, 00010
0101010 101. Echi 000 1010 010 00 quei 001010010011 (1· nequa 0001
010111011010111111110000 11100111,1000010 11 credet 101110, 10010 0111
101101100011011 0110010 0110001011, 001011 000 0011000 0011 10 sn·
0011010 0 (0010011111001 101 10110 00 001001 Se 00001001111010001011
0001000010οο 11 101110 11100110 010010 011011οῑ0 010 101000 aequi
0110 1011011ὶο 001011 1 001011011 01 011000011010 insieme 0 000 11 00001-
000000010, 1011 00110 01001101101010 hundo ininimenie 0 (000110 00·
0010010 11111 010100000 000 110 11100101 00010010, 001 000 010·
1110111 1000100 10000011 1010. 1100000 adunque, 00010 1010, 001101
1001010000 0110 111111000, 0 0010111001100110 101000 11 110010 101ςο
1100100100111110101100 00110 1010011οι110, 010 1010 00110000110,
(11111000 10101 simile, 010 1011000, 001011 bisogna 101 10 condiniani
101 0011 0 1 10110101 01111, 0 1011010 10110110 11010110 011010 00110 10110
11 0000 0111 10001011101100000,0 11110000 01 10010 senza 1110100100 00110,
001010 0010000 impotenti 0 1111101 100000. 1100010110011000110016
1011 1000010, 0 (000110 101000 00110 11 00010 01100000 1000 01010110, 11 .
010 100000 00110 011010 000 10 0 000111110100110 1100111 nun contraria,
0010111100 mnlii: 0 00101100110010 1011100110 vien 10110 1101010110,
010 i 000011010 1011001000, 00010 01101010, 000 001 01101 1110001ος 0
001011100110011010100010 1000111010 (1011001000 non 0011011 nequa, nn· ·
01001010, 00101-001010010 001 010011010011001100ος 0100100110, 001011
100000, 0100010 011 01010 10110 10110 110000, 101000111111000010110
0 00110, 0101100 10 gii 1010011 01001010 0 10100011011100110 101000
01100110, 010 000 0011000110οτ [nite (000110 1001001, Sig. 6011100, 00·
iri 0110, 0000 gii 011010011 1001, 00110111 0111110110 11100100000101
(1011011000 01 01110 angione 010 1110 1111010110 10110 figura 0 0110 1011· ·
110000 011011110100 1011001010. E queil'aiira 0001011000 pini 11010 iino-
10 011011010, 01011010 001010 10 10110 1010, 000 1000010 0 10101 01101·
1011ος 0010111010110100010 10111, 010101000100010 0001101110 110
10110 011 10001010 1011000110 10 10110 1010001011 donresto 00101010· ἲ
1110010 0010010 0001010111, 001010 10 11 (00111011 0110000110110010010

’ (1011110 11111110. - Τ. xil. 18 -

 

