11111 1111111111(

111111111ρὶ1 11 1111111111 (111 111111111111111111 111 1111111 vm nn
mnieeimo di 11111, 1111111111 1111111 (11111 1111111, 11111 cine 11
11111111111111111111111 distribuisse 1111111111 111 (1111111.

Pniche in questo 111111111111111( 1111111111 1111111111 (111
primo 111 secondo 1111, sino 1 che iussero 1111111111 (1111111 banda
1 (1111111111 111111111 (11 11 1111111111111 (11 linea 111111 (111 calonio:
1111 1111111 (1111 che 11 1111 (1111111111 (11111 11111 (11 11111111111111
11111111 1 11111111 111111 11 11111111 11111 angustie (111 11111 cn-
1111111111. Peri> 111111 solo un 1111111111111 (11 linea (11111111 (111111
premente 1111111 11111 munnere 11111111111 11 11111.

(111111 111111111111111111111111111 11 1111111, 1111111101. Di·
1111111 11111111, 111 111 111111111ρί1 (11 1111111; 1111111111111 111
11111 111111 111 111 11 111111111ρί1 (11 11111111.

&perimente 11.θ li Signor Ciieiii 111111111111 di 11111111 linono di
11111, eon spirito divino 1 1111111111, 111 11111 11111111 111 mn
<inienio 111 1111111111 invene di 1111111. ligii 111 pure, 1111111111-
11111 (1111111111111, 1111111111 11111111111111 (1111111111111 11111
dein 111111111111111111111 11111111, 11111ὴὶ11111 1111 (11111111, 1111 111
1111111 (11 1111111 1111111 111111111111 (111 1111 11111111 11111 111
1111111111 (111111111 1111111111 ad 11111111 mobile 111111111111111111
(111 11111111. 1111111111 11 11111111111111111 1111111111111111111111
ui 1111111111 1111 11 111 bolla d’ 1111 111111111 11 mem (11111111,
111111 1111111 11111111111111111111111111 {ubo 11111 111 1111111111
111 111 1111111111 1 (111111 ed 111 1 11111111. 1111111 11111 111111·
111 11 111111 (11111 111111 11 visibile monimento (11 111111, 1111 1111-
1111111 1 (111111 11 11111 (111 inho.

Da questo 111111111111 11111,1111Ι1111111ι“1 1111111111, 1111 111·
111111 (11 111 11111111 (1 inclinatione (111 1111111 11111 (1111111111
11111111 111 11111111. 011 111 secundi 111111111111111111111111111111
11111 dei 111111; 11111, 1111111111111, 111111111111 11111 111111111111
1111 111 1111111111, come 111 1 111111111111.111111111111111111111
111 111 interno 111111 11 1111111111111111111 11111 (11111 11111111111111-
ium 11111 111 ben 11111 11111111, 1 111111 che 11111.

811111 cosi 11111 11111, che 1111111 11 corpo 111111111111111111
111 1111111 111 111111 11111111111111 od 11111111, esso non 11111111 111
fluido 11111 11111111 sensibile, 1111 11 111111111 (111 (1111111111, 111
1111 che ii 11111 11111111111111111111111111111111111, o (111111111-
(1111,1111(11 11111 11 111 111111111111111111 men 11111. 1111111
11111 11111111 11111111 1 suoi monimenti di ascesa o (1111111 venii·
11111111111111111111(111111111, 111111 11111111 mai essere 111111·
(111111111111, 111 in 11111111111111111 Geiiieo; necando 111 pini 11·

 

