11 1111111111111 1111111. 113

11111 11111, 111 11 11111111111111111111111, 1111111111 1111111 sopion-
1111111.

Posso bon 11111 11 1111111111 1111111 111111 1111111111111111111
1111 1111111111 chiaramonte 111 11111111 ner 1111111111, 1111111111
111111 111111 111 opero 1111 111111, 1111111111 1111111, 111 111111
,111111111111111111 11 1111111111111 1’ 11111111111 111111111111 11111
111111 1111111111 1 11111111 11 mezzo, 1111111 111111111111111111111-
11 1111111 11, 11111111111 ohe 11 1111 111 comparatione 1111111111

111111 111111111 111 considerare in 111 muniere 1111111111 111
1111111111111,1111111 11 proposito nostro, o 1111111111, o come 11
inhio, nonme 11111111. Nol primo modo 11 considera, 111111 111
1111111111 1111 111111 11111, 1111111 11 1111 moeso sopra 111111,

111 11111111 11111, 111 1111 111111111111111111 11111, 111 111111
1111111 11111111111 11111 111111 1111111111 11111111 11111111
111 eonon 11111111111111111111 1 11111 il vaso, 1111111 111 1111 11
coeo 1111 impediooono 11111111 1111111111, 111111111111 ii 11111111
quello, 11 111 111 1111111111111 1111111111111; 11 11111 1111, 111
111 1111 11 11111 1111111111 11111 111111,111111111111111 1111111111
111 1111 111111 11 111 11111111 inclinatione, 1111111 111 1111111111
11111111111; 1 11111111111111111111111, 111111111111, 1 1111111
one 11 1111111111 1111 solinneio, 1111111 1111111111111111111
111111111 ieie 111111111 111 11 111 1111111111, 11111111111111111 11
11111111, 11 1111111111 11111 1111111 1111111111111 1 11111 11111111·
1111111111111111111, i 11111 111111 111111 11111111 11111 111, 111
111 11111 1111111111 per oon 11111 11 11111 11111111111 11111111
11 111111 1 neolone 111111111111 canna.

1111111111 modo 11111111111111111111111 in 11111111 1111111,
1111111111111111 11 11 1111111111 1111111111111111, 111 1111111111
111 1111111111) 111111111, 111111111111111, 1 111 1111 al 11111 1111111,
11111 111 primo modo, 11111 11111 1111111111 1 1111111111, che
11 oneo 111111 niente 1111111, poiche 11111111 1 11 1111111111. E 11111,-
mione 11111, 111111 1111111 ne'pori de’oorpi niinnimenie (11111111, 1
111 1111111111111 in compositione, 111111111 1111111111 1111111-
1111111 1111111111 1 11 111111 11 111,11 111111 11111 11111111 111
enirn 1111 pm', ee 1111111111 111 nogione 1111111 11111111111, como
111111111111111111 1111 dove 1111111111 111 111111111 111111111.
111111 nl 11111.

1111 11111 modo, 11111111 considere 111111111111111111 1 11
1111111111111111, 1 ohe 11111 1111111111 11 pinno 1111111111 11-

 

