1112 01010010

vote 000000010 0010010010 001 000110 00000110 quei sensorio
110 00 1000011, 11 00000 di 0001100110 001100010 01100010 00-
’ rebbo 101οτ 0 001 10 contrario 01110 110000 1110100100 10110 100010
0110 00011000 coiere 01 fondo iroiomooie. roiano oi 101110. Poro,
810. ι001011111000001 1010011 1000111, 0 10010 1101001110010010
000001011 sig. Goiiieo‚ 01101100 110 00110000000111000 0001-
010000 erroro 001 (1000 01110110, 1100010011 01 01101 0001 oo·
001001 10 10000 00000000 01 0110 0011 110 0100 di 00010000 000·
1100 010110 da 01 010000 01 10101110 00010010 1100 0110 11011101
00 0110 01 di 1011000000 001 01010000 00 0’ 000οο000110 i or
0110 000 11000010 0000 0110 00011ος 010110 0011 10 10010 110·
00110110; 01110 00110 0110 11001 0011111 0000 pieni 0010010010
(11101100101 0110000 0110 0011 miseramente 0110000 0 0111 core
delio (01011 piri 1000010 dir 00011 001001110οο0 uo' oltra 00110
10 1110011010 0 impurare 1100010101101001101010111010 oio

· 0110 1 0001 10001101000 0001000 0111010111 1100000110100010·
, 0100110 0000000, 000100000 010111 equivoci, 00000000000 10100,

001100010010011111 1101101001 00000000. 0110 000 avendo 1111011011
0001001 00010 000 opinione 00101 0000000 000000 00 001·
1010 moi 0111 i 0110 00000 0 0000000110 11 10110 10110 11 000
discorso 001 11110110 011 110000 1001000 000010οΙ100 10010110,
000 orendo 0011 001 000 10011010 00010 0000000, 0 001 001
0010 00101001ος (1000011110 101 0011000000111000110 quoto vo·
0100 soritium, 0 considerare 0110 questi 00110101 01 0010011011)ωο
a roi, 0 010110 1110001001 0000000 proportione (101 0000 0000001
0 000000000010 quanio 10010 00000000, 0110 000 1000110 001
irrogo 0111 00000 1 0000111 01010001 01000100000 000 00101111-
0101100111000100011011’001100111111011000010; anzi 0000 001
10000110,οὴ0 000 11 soo 001000οη0 110 00110 veste, 010 0011
01000000110001110. Ε 000110 000010 0110 immediatamonte 000·
01000010 10 questo 10000, scrivendo: Arirorio 1011 1111000 000-
,1010 Democrito 001111111001110010, mo 0011110 00001100 00·
011001010 000 01 810, (1011100, mo 0 001 stesso, 0110 000011
011010110 001 0110 000101001010000111010101110, oe 01100
0000 dei mondo, ii 0110 000101 01 e reduto per 101110 00010010
00100001 0100 01 nne. Tornaodo dunque 011010110001000 0110
roi daie 0110 000101011000 0110 1010101110 000 0001000110010·

 

