1 13031130 nsnnn 13131113. asi

0103133 3113 quel 33113 di ninnibe, 11 quale ridolto in una
131113,3300310010330 003 quantita d‘aria 3311333111, 1311313330
3111011010 0301 31113 113033, 303 3113 311 33311 13 1333331103 ,
quantita 113313; e 3113 11 0131331100 31013110, 31013333 13313
solamente, 313331310311 303131103113 1130331130 3311333131031.
113 11 813. 1131301113 310 qui 113 03310 quel modo 1111333331-
mentarc inutile 3 1311333, 3313113 quando 3311 ha posta 13131·-
3113111111 ira 10101013313 ancora, 311010130113131 113033,
ha 131313 1 3113 3331103013; 3 perd non 113 30031030 01301310
310 suo. 11131130 113 0333333313013013 00031030 3 30031013013·
013013 0303331313 lu 333313 313333313013 11 8130036311133,
mentre ha dimostrato 31 33030 3 3113 ragione 3113 congiunta

tant’aria col piombn, 3311 331133313 30110 10113 13 113033 33031-
013013, 3 3113 3110333313313 egli 3303103013 30110 0333003

113033 313 3 33113. Peru, 3136313033, sin 3113 101 000 013-
3133133113 11 31001110 dilatato in 131113 3311333111100013011033
13113 0 31130 30130 13331310 3113 3333 31 33303313333, 331313
33333 313030 1131313 11 10110. E se 33031113333313 queste 3333,
3013313 conoscere quanto 11 103110 1110301333 3101331033 'a
quello 1131 813. (1311133, 3013113 3311, senia 3131 urai bisogno di
3130133133 13013 33033 primarie, secundarie, instrumentarie.
333 se, 333 3331113013, 3 1133333 31301111, 3 3331313013 111 330-
11001, a viscontii, 3 10331111113 3 durem, 3 3033311313 inulto
anscausus, 3111333031 3301133113, 3 001003113, 3 31330313013,
a 10313313 30311113313, 3 13301101 311111 3333010 31133 31110333.
3113 sono vostri 331031; 300 003 3313, 330131133 3 13313 330-
01031003, 333013 da tutte 13 111011311301 3111311011301, rende ra·
31003 110301 3033; 3 questa 3, 3113 10111 1 303313113 31 3003300
0311331303, 3330010 1333313 1030 33311 di 131, 33113331300,
mn 33 3313000 3111 33311, 111 necessita vanno 31 fondo: 3 33
031 30333 0011 acqua 13 saida di 31001110 101 000 31 1031133111
31130 03130 13331310 10 303 3001333013, 3113 33 03 andrentio
aanz' 31130 31 fondo.

Quando 301 11 813. 1101013110 3 31111 330 3330 101 11133011
3113 10 0301 modo. 30301313 313 13313 3331003131 33113331333.
10110 3 per 1130311113 113113 figura 13133, 3113 310103113 30313 111
se 3130 quantita 113313, 00013300 311311 10 questa 1033 3113

 

