1 11111111 11111 11111111. 3811

11111 111 1111111111 1 1111111111111111111, 11111111111111111,111
1111 figura dilatata: 11111, 1111 bene 1111111111 questa 111111
considerazione, bisogna 111 111 11111111 111 11 1111111111 11·
1111111 111111111111111 111111111111111 1111111, 1 solamente

11111 11111111 111 111111111ς 1111 1 quanto se si 11111111, 1111111

figura sparsa, 1111 11111111 11 1111111111111111111111111. Sar&
dunque necessario 111 1111111111111 111111111ουί 11111111111

111111111111 ingegnosi 11111111111111111111 11111 1111111111- .

1* 11111111 1111 11 111111111111111.Ε questi, signori 1111111,
11111 111 1131111111, in vigore 111· quali il 51111111111111-
111111 1111 11 111111 1 11111111111111111111111 11111111111111,
11111111 111 11 811111111111111 11111 1111111 111 1111111 ·
1111111.

(Pag. 112) 1111111111111 11111 1111111111 ee. ,
1111111111111111111 1111111111 111111111 1111 1111111111
1111111111111111111 11 11111111 1111111111 111111 1111111111
impotente 1 dividere, e dalla 1111111111111111 11111111 1111111·
qun: 11 8111111111 111 1111 111 (1111111111, 1111 111111111111
1111 11111 1111 11 11 111ςί111111 11111 11 1111111 1111111111, 1
111 111111111111 1111111,1111 11111111111 quella posta 111
1111111111. 1111111 11 8111111111111111111111111111 1111111111111-
1111, 1 11 1111111 1 11111, 1111 1111111111111 11 1111111111·
8116111111 111111111111, 11111111111111111111111111111111111111, .
1111111111 11 1111111111111111111111111 8111111111, 111 11111111
11111 11111111 8116111111 111111111111,11111111111111 figura

1111111111 1111111111111111 1111111111 11111. 1111 qual discorso ·

11111111111 1111111111181111111111111 in volere 1111 111, 1111 ’
1111111111111111111 angione di 11 1111111, 11111 11111111111
111111111111111111111111, 1111111 11111 11111111111111 non
1111111 11111111 quella 111 angione 1111. 111 111 1111 1111111111
1111111111 1111111111 111 1111111111,1111111111111 111111111111
grandi stravaganze 1111111111111111 1111111 1111 11 11111111.
11111111111111111111111111, purch& 1111111111111111111 11111111
1111 Sig. (1111111111111111111111 di 111111111111111111111111111
nogione, 111 1111111 11111111111111111111 1111111111 ancora 11
1111111 1111 chi (1111111111 11 1111111 1111 111111111111111

1111 (11111111 11 1111111111 1111111 1111111 11 11111,11111111 11
(11111111 11111111. - T. 1111. 19

 

