156 0000000010000000000

001100000110 0011 olio: 000 0’ 0010 01 1001ος adunque 11 01100010 000
100000 000010110.

11101110 00000 10001 10010000 0110010 11 01100010 000 0011000010
000 000001100001001000, 000 000011 01 1 100100 1’ 0010. La 00010
1010000 000 001011100010000, qnando 01100000 010 1’ 0110 0010 0
10010 0000000011 densita: 000011 00 mi 01000010010, 010 000 000
10100011111000010, 000 000011 01 110010, 1000010 011 01110000 10 mia
000100οε 001011 10010 0000010οἰ 010001 00010, 000 100001100110 000
10 000100οο000ῑο 10 00001101 0000100010 10110 1000111, 010 000 1100οι011
00000 0110001010 10110110 01 fondo: 0 0001 0000010οΜ010 conformamus
1010001101.

11 01100010 adunque per 0000010110 10000 0011000000110, 00010-
00110 01 10010 come 0110110100001, 110000000010000001010110000111
10110 110000, 00 00011 mannasse 10 0001101000 1011000100 000ἱο1100 01
cume non 00100010 0100000οἰ 10 001, 00101110 110000 010 1000010
001100010οο 001010 010000 01000 000111. 1010010010, 0101100101000·
001010 000100 000111000, 00010 10110 0100000100ιο 000 0000010000 010
11 01100010 100101100010000000101011 00010, 0010110001 110110001οω
000100 10 10000 1100000000. 1110110010 000 00001010, 0 01 0000010100-
100 01000010 11 01100010, 0 00110 110101010000100 1’00000; 011 quivi
00000 100000 0000000010 010 11 01100010 000 0100110, 0100000 000
0010101οο00 000010 10110 sammua della 00001010. 1100000 000 010,
0000000010 00110 0100000001, 11 00000101 01100010 10000 0000011010 0000
01000110. 1101001 10111100οω010, 000010 0000010000 0000 110 001010
0100000, 1100011 10 010011010000010000 00010011 001100010000010. Ε
000010 01 primo, 1 10 000001100, 010 0100000 11 01100010100000010
0010110001000, 0001 0001 inconveniente 010 001 1101100010001000001
0110001, 1000111101100010 010000001001 alquanto 01111011 00110 00011
0001000010, 000011 mollo 011 01010101000 00110 000000, e 0001000000.
1000010οο 1, 00001110 00011 0011111, 000 00000 men gravi 1011000000,
0000 00010 011 0000, 0 000011 00000000 00010 01110000, 0. 0. 000110
010 0000 0000010, 010 000 000000 000 111100100000. 0010 00000 010
100000 0110001001000000111 0000 0000, 010001 00010 000000 assai di
00010, 000 10 00010000 1011000011 0011111, 010 01011000 0001100ρο010.

000 0000110 0000010001 100000 000 0110011οο 010 00100110 00011
000000 0 100000, 000 10 000000ιί000 10110 00011 00111110 00000,11
0011, 01010 00011 000000 000 00000000 manco luogo, 00 000 quello
0101000100000 10 00011 0011111, 01001 00000 quando 00000000 01100-
01000, 0 0000 meno, 01 010000011011010 000000οι0010 0000010110
00010000 10110 00011 0011111. 1110100011 00 0000100110, 010 uu corpo

 

