1 11111111 1111111111111. 317

Quarto, 111 1111 ohe 11111 11111111111 111 11111 1111-
1111111111111111111111111 11111 11 111 1111111111, come 11111
11 811. (1111111, 1111 1111111111 che 11 11 1111111 deii' 111111,
11111111111111111 ohe 111 1111111111 11111 11111111111111
11 11111111 11 111111 11111 11111111111111111111111,1111111
non ieeiimente 11 111111111 111111111111. 111 11111111 11
111111111111111 grande 11111111111 ohe 1111111111111111 111-
1111111,1111111 11111111 mettere 11 11111111111111111 1 11111
11 1111111111 111 1111111111 11 11111111111111111111111-
111111 1111 divisione? 1111111 non 1111 resistere 11111 111-
1111, se non 11111111111 111 11111 11111 111111 sopra 11
mo iireiio; 111111 111 11111 (111111 11111 1111111 presente
1111, 11 primo 11 111111111 111111111 1 penetra ia 1111111111
11 oneum adunque 11 1111111111 11111 1111111 11111111111 -
1111 111111 111 111 11111111111111 111111111ς11111111111·
111111111 due 1111111111 111111 1111111111111111111111111111
11111111; 1 1111 11111 111111 commeiierebbe 11111111111111111
non vuoie 111111 11111 1111111 1111111 1111111.

Le 1111111111 tutia 11 disputa, ohe 111 111111111111
8116111111, 1 1111111 1111111111111111 11111111111111 111· .
11111111; 11111111111111 11111111111 111111 111111111 eila
1111111 1111111111 1111111111 11 111111111 1111111 11 11111 11 ·
11111111 11111111111; 1 1111111 professam di essere 111111-
11111 111111111 1111 111 11111111, quanto conforme 1111111
11ῐὶ1111111, 111111111111111111111 111 111111111111 11111
1111111111 11111111 1111111 1111111111, 1111111 nominata in
111111 questo capitolo 11 11111111111 1111111, 111111 ohe 111-
1111111111111111111 111 111 111111 11 mono, 111 nondimeno
11111 ohe bisogna 1111111111 11111111111111111111 1111111-
11111111 1111111111 1111 11111111111; medella 1111111 11111-
11111111111111 1 11111111111111111 si 11111111 111111111111
mobile 11111 1111111 1111111111, 111111111111111111 111111-
merione. lo non voglio 11111111 (11 hene oon 11111111-
11111 111111 11111) queiio 1111 111111111111111111,11111111
11 11111 1111111 11 1111111111, 111111111 derisione 111 Signor
11111111 111. 110, mentre 11111111 1 1111111 11111111111111
11111111111 111111 1 11111111 11111,111111111; 111 1111111111

 

