211 11111111 1111111 1 1111111111.

11111 11 EA 11 iio. 11111111111111 111111111 1111111111
11111 11111 111 11111111111111111111 misurata 1111111111
111, 1111111111 11111111111 111 11 1111 111 111111 GH 1111
« superficie 1111111111 NO. 11 1111 manifesto: 11111111 11111
111 111111 GABii 111111 sopra ii primo iivoiio ΕΑΒ, 1 111111
1111 11111111111111 111 11 111111111111101. 8111111111
111 1111111 111111 111101 1111111111 111 11* 1111111 111111 11
1111 1111111111 111111111111111111 1111111, 1111111 11111
11111111 01 1111111111 AG, oosi 1 111111111111 1111 Gii
aiio 111111111 111111111 NO. 011111111111,11111111111,
111 11111111111111111111111 11111 in un grandissimo vivaio
11111 ¹d' 11111, 1 1111 11 11 1111111111111111111111111
11111 11 111111111111, 1111111111111 11111111 111111111,
1111111 ohe 11 111111111 1111111111, 1111111111111111111
1111111111 1111111111, 1 11111111111111111111111 1111 111-
11111111111111111 11111 1111111111111111 1111111111 111·
11111111 111 11 1111111111 11111 1111111111111111111111111-
11111111111111 1 vivaio sopra 11111111111 1111111111111,
11 111 11 11 11111 11111 1111111 11111 1111 largo 11111 gros-
1111111111 1111111, 1 11 1111111111 111 1111111111111111111111
maggiore 11111 1111111111 1111111111, 111111111 111111111111

’ 11 111111111 1111111, 111111111 11111 s’ 111111111111 11111

11111111111111111 111111 11 11111111111111111 11 1111111
solamente.

111111111111111111,111 1111 difficile 11111111111, 11111111
1111 1111111, come un prisma o 1111111111111,111111111111
1111111 men gravo 111111111, 11 sarii 1111111111 111111111
secondo 11111 111111111111,111 1111111 11111, 111 11 1111111111
. 111111 111111 11111111111111111111111111 1 1111111111 1111-
1111111111 11 voglio 11111111111111111111111111 prisma. Sia
111111111 1111 1111111 111111113111111111111111 1111111111
1111111 1111111111111111, 1 1111111111111111111111 11111111-
11 (111 prisma: vlico 111 1111111111 1111111111 111 1111111, 11 111-
11111111111111111111111 1111111111 CDEA3 111111111111111-
11 111111 GE 111 grave 111111111 dei solido 111, maggior
11111111111 111111 poso 11111111111111111 CE 11 1111 as·

111111 111 prisma 11, 111 1111111111 1111 1111111 (impo-

 

