a 31333333 nr 333313. 1119

313 1’ 3313 313 13 11333 3 113111, 131333133311 (1131133133113113
33313 3 31333333 porte 13313111 3133113331333 1111133113, 13113
3133333 13113,· ende apparisce 313 11 oneo 313 3 13113133 13333
1311333333 3 333 133311331131131133111. 13 (133313 3313313333 13 333
133 3333133313 (133113 313 11 811. Grazia si 331113 1133 3 1333,
ne 311 313 3111 1313313 (133313 suppone un vaso 11 1313331·
13113 333 131 11131313 311* 3131111313 131133133, 3131 33 3111 in·
13313 11 3111313333 31 333311 13133 13313113313 31331 133313
un 3333113313 11 131333 1313311311(1331331313131331331331313313
grave nome 1’ 33133, 3 pure 313 31311333 311’3(131111313,3131
31 1133113 1311331113, 31 313 3113 per sommorgersi con 3131
minima 31113313 11 peso. Μ3 qnalnnque sisio 1133333113131
811. 1133313, 13313 313 3111 conclude ohe 131 3333 313 3 13113
per 13333 1311333333 3 333 per-quern (1311· 3313. Nessa (1331
33333111 s'inganna assei; e prima, se (133313 3’ 1133 13333 3333,
33 3313133113 313 1111331331 per esempio nna mezen 13113
1113133313 per 333 1311333333131131113333, 31313 3333313
3. 1311 sno semidiametro nn palmo, posta chefosse 331-
1333133 33 33313333 13331 (13311331113, 333313133113, 1133, 313
133331331331313 3 incavare per formaene 33 331133, (1333131111
1313331 131113333 313,1311131113113 31 31331333113, perche
13111331331 313 13313131 13133, 33 111 1333 3333 313 per 33-
ser 1311133313 1333111111 1313111313, 3 (133113 3113 3333313 331
13313131 13133 13113, 3333313 3313, 333 31313, per (13113 (131
811. 11333133 13113111333 11 3333; 3313 (133313111313313333
3113113 3113 331111113333 (131 3313311 333 3333113 331133313,
131 3333 appena potrebbe 31333 3 1311333333131333313113-
33333 133113313311133311 poco legno 13 3333 13331311333333)
3333 333313 13 1311333333 1311· 3313 33313331331 331333 31-
cona 33113313 131131113333 (33 1133311133113313333 3313313113
311· opposito, come penso 313 11 511. 1133313 3333 33333 133-
33313 3331331, 3131313 (133313 pio 13133 3113331331333333
31 3113313 11 vaso, 1 13333313 3111 1313313 3 3333313, 31311
vaso non 131131113 3313 per 13 333 propria 1311333333, ma
per quella 13113313 333133313. 13 31133, 313 113313 331, 811333
1133313, 133 3333 11 rame 1113313 333 331, 1133311333 oredo

13 (1333133333 33331133133 11 13331333 333 3113111 113313 13333
(laureo 13331333. - T. 111. 71

 

