1 11111111 11111 1111111. 353

111111 111· insuperabile 111111, 1111111111111111 poco 111
1111, 1 1111 11111 11111111111 111111111111111111111111111

11111 1111111111 1111111. E per 11111111 11 quanto 1111, 11111
111 1111111 11111131 111 111111111111111111111111511111·
11111111, 1 1111111 1 1111111 1111111111111111111811111111-
11111. 8111111 11 8111111111 1111, 111 1111111111111 11111
111 grave 1111111113, 11 grandissimo impeto 11 1111111111
111 1111, 1111111 11 11311111111111111111111ς 311’ 11111111 se
11 1111111 111 11111 111111, 1 1111311111111111111111,11111
[1111111111111 di 1111111 11111111, 11111111111 1111111311
(111 111111111111 1111 111111111111111 11111 1 11111, 11·
1111111 111 11 questa 11111111 11111111111111111111111
11111 1111111111, 1111 111 11 11111111111111111, 11 11111-
11111 11 11 11111 3 11111,1111111111111111111111 11 11-
gura, 11111111111 11111111111111 111111, 1 1111111111 11
1111111 111 11 111 11111 1· 111 11 impeto d' andare a fondo
11111 11111 11111111 11111 1111111111 11111 11 1111 111 11-
1111 11 1111, 1 11111111111 1 quello della 1111111111111 11
1111111111 11111111 11 111111 1111111111, 1 11 1113 11 11111
figura 111 11111 1111111111 11111111 11111111111111111111
111 11 1111111111 1111111111 1 11 11111111111111111111 111
11111 11 grandissimo impeto 1111111, 111111 111111111111-
11111111 1 11 11111111 figura 111 1111111 11111111111111-
1111 propensione della 1111 11 111111 1 galla. Questa 1111-
111111 111111 11 Sig. Colombo 111111111111111111111111111
111111, 1111111 1111111 11 1111111 111 Sig. Galileo; 1 1111-
11111 1111111 1111111111 1111111111 111 conclude 111111,
111111111

Peren& 1 vero 11111111 1111111111 cera 1111111 di 11111111-
11111, 1111 111 11111111 111 1111111111 111111, 111 11111111111111, '
11111 11 1111111111 1 1111111 11111111 11111 e 11111111 1111 terma
1111 e 1111111 11111. Ma di grazia, Sig. (1111111, 11111-
111111111111111 questa 11111111. 1111 111111111111 1111111
1111 1111111 11 1111111111111,111 111 11111111111 111111
11’ 111, 1 poi 111111111111111111111111 111111111111 quiete ·
1111111, 11111 quan 11 ragione 1111111111111 111111111111-

1111111111111111 111111, 111 11111 111111111111111,111111
(1111111 (hum. - T. 1111. 11

 

