111 11111111

” Columbo) di 111 11111 mai 1111111, 111111 111111111111·
1111111111111, 11 1111111 11111111. 111 1111111111 111
silenzio 11 11111111111 11111111 quei 1111111111, 111111111-
1111111 necessari 11 principale scopo 11111 presente 1111111,
1111111111 11111111 11 111 1111111111ιί 11111 quistione sesi
111111111 1111111111111 1 111 11111111111, 111 1111111111-
11111 11 1111, 1 111 111111111111111111 1111111 necessario
11111111111111111 11111111, 111111111 1111111111 111111 11111
1111111111 11111111, 1 [11111111 111111111111111811111111111,
111 suppone 111111 1111 111 1111111111 molto 1111111111
11111111, 11 111 11111111 1111111111111 un 11111 particulare
'⁸' 11111111; 111111 1111 111111 11111 scrivere in riprovars

. 11111111111, 1111111111 mi 111111111111 11111111111111·

11111 qualche 11111 1111111 111111111111.

(1111111111 11811111111111111,1111111111 11 111 111111-
111 11* 1111111, 11 11111111111111111 come 1· 111111111111
che elle 1111111 peril 1111111 111, 1111111111 11111111
111111 111 1111 quello 1111111111111 1111111111 dice:

⁶ (111112) 11 11111111111111111 1111111111.

111, 8118111111, 11111 11 11111111111, 11 disputa 1
,11111 1 11111. 1111 11111 11111111111111 111 mondo. 11111
tutte queste cose, che roi supponere pervere 1 1111,11111
111111111 11 1111111, 1 questa 1 1111111111111 111
acqua 111111111; 111 11111111 1111111111 111 1111, 1111
1111111111 punto 11111111111111111. Non m‘insegnate 1111-
11111 1111111111111111 11 111111 111 11111111111111 111111
y 1111111111, 1111, 11 si dee 11111 1111111111 11111 111111 11111111,
1111111 un 111111111111 1 111 1111 11111111111111 1111111.
11 quale 111 111111111111111 1111111111 esser congelata
per 11111 11111111, 111 111 111111 1 11111 1 umida, 11111·
1111111111111 111111111, 1 111111111ἰοί 111 11111111; 11111
1111 111111111111 centrario 1 1111111111111,111111111·
111111 111. 153111111111111; Per 1111 capione 111 11111111
11111, 11 1111111111, 11111 1111111111111, 1 1111 1111111 1111
1111111111 Come dunque 1111 111 111 11 111111 11111111 11
11111111111111111 111111111111111111 11 111111111111 11

questa contraderemus, 111111111111111111111111 111111111

 

