112 11313311

13333 131113331313113 3111 13113, 311333 3133131113333 13
13133333 nett’istesso tempo. 1331131313 considerazione, 3133
degne di 31113 13313113Ιί1 313 333131133113 degli 3113111 33131-
3311, 3313113113 11333333 3313 31131131 313333 313 33113
faceia 331 1331331313 131333 3111 3131311113 313 333 313 333-
33331. 1133131313 313 131 31313 331 13133 13 1331333 313 31·
1113311 813. (1311133, 1113313 stimate 13331133 1313, 331311
13 3333 aequa 3331113333113 133113, 33331 3313113113 sono
13113 1331331313 3131111 13 1333313. Ma come questo 1, 111 131
31313 31113313 333311311131,113333311313 33113311313 11
aoqna 3331313 11133313 11 bruccia egnati 33 33311333331 33
131113, 33313 13113 3131331311 313111113 13333131 11313 perd 1
ano: perd , 31113 311 essere 3333133313 31311 13 1333313, 31
111311333 131113 33331131311331 131 513. 11311133.

Ε 33133313313131 meglio 313 131 333 31313 131333131-

1 13113 113113313 esperienza, non 313 13 1331333, 1113 313

11 1331331133 33331313113 33 quet 33333113 3311113 insse 331
313113 131 1333 313313, 331311 1333113 131 33333113 3 1313113
131 1333 1311311333 11 13313 3311331331313133133,3 331333-
33333313 sarebbono di 331113133111311 3311 311311311 11-
13111; 13 33311 331313 3 33313333 311113 313133331131131331
113113, 3 3331333333 311 11 33313131111 331311331 appii·
33113 31 proposito, bisogna intendere 313 133333 131 1333
313313 31 1113331 313331333111333113 131 33113311333131131
3333 331 33 1113 313 3131133313331111311333, 131113 13311-
131133311131133313(331313311 13 31333111333 13113 131-
313113131 33333113 3 131 vaso), 33331 3311131333113113313
voi 1113131 conservarsi 33113113113 11 1113113, 31 333313311
13 131331111 31313133 3331333311 131 13 13133111313111313333
3311 3331 13113 313 131311 31 13133333 331 3131331313131333,
13331131133311 3333311 1333313 331 1131133311.

La 3111133 3113 131 1313 3 333313 disputa natta 133. idi
1 nn 3133333113 33313 33333 113333 33113 13133 3 portavere.
Falso 1313 11513. 11311133 31 313 messo 311313133313 11 suo
11311313 331 1313133 alonna 3333, 33333 3333313 131313 3313
3113 3111313ς111 33 quai 3331113313 11 possa 31313 1313113 a
313133313 33133 1313 3333, 13113 quale nna 333131133 11313131

 

