3 33333333 31 333313. 507

133111 (1333331113 esser grandissima. 1133 11 51311333133333113
3331 1331331333 3333111 legno 3113 33331333 3331313 13 33
31133 3333 11· acqua poco maggior 111 131, 31 3313333333 ap·-
3333 33313333311313313 31313113, 3113 3’ 13 3111333 3331 313133
11 3331333333331, 3113 333 33 33333 di 33313313 3’ 31 profundi:
3331113 poi 331 mezzo di 3331133 vaso 333133 mille 33113
3113331333, 33333 3333111313 un 3333 3133133133 (133333, 3
3133133313 1133133333 333111313333 31333113, 3333331 quanti 33331
31 113333333333 3331333333 333133133113311333,3113 (13333311-
bono 33333 133111. 3333331311 discorso 1131 513. 63331333331331
3 1113111333 13313111 3113 133 33333113 13 13113133 del 813333
6311133, quel 3313-33333 1133331 11331333 come 3313133133
13113113. 03 133313 11 8131133313 1313 3333313333, e poi, 333-
13331331 33333333, reputt per 1333333 11313313 3 3333 quello
3113 31 3331 1333313313. Tra 13313 13, 3113 1113 311 131133 333
313333 che 11 813113331311311 13313, 3333333311 1333333313
131311331313113 333 ragione: 3 posto per 33333113 13333 3
dividet 3111, 13333 33333 del 33133 3331331133 meno, io 333
33333313 33 3311113 abbia 3 dividor 3111, msto 33113 313111
33333 che 33113 3333, 333 333313 33113 dividor 33 non quel·
1· acqua 3113 3’13333; 3 333 333113 11 1333333313 133331333 13
33 3333 3133331131133, 31 33313 13 3333333 13333 33333133
3331313333 per 333313113133113 11 ruarmo grosso, 313 3313
quando-i! 133113 113 da 33333 3111 13333. Se 11 813333 1133313
333333, insieme 331 813. (131113331131133113 1333333131 331· “
13331333, 333 3113 divisione, ma 31 moto ed 3133133313 313113
33311 dell* 33333, 3131 del verisimile 33331113 3331313 333 33·
31333, perch& veramente 3113 33333 31 3133 331 13133 11 mo·
11331333 33333 13 33 3333 3333113 di 3333331313 33 31331313,
33133 131131133313331331 del 8133336311133 31 3333331133 mu
31333111 333313 33333 1 3131333313 1131 813333 633313, 11 33313
333 33313 che 1’ acqua resista 311* 33333 313313 sopra 11333
1133113,13 non voglio affalicarmi 13 3331133333133 31 11311113
331333131313313333, 3 13313 meno, quanto che 13 3313313331
3331 3311113, 3113 11 813. (133313 13 33331333113 3333 31313333-
1133333311 13333 13 13333333331313 33333 13333313. “
13333 11 813. 6311133 333313 3113 33 3333111 13333313

 

