572 11110111

011011011111111100011101100111110, 0110 0011 001 11011
11001 11101110101111011011 11111110101 810. (1111100, che 101 =
si 1 1000110101110110 1111010111 0110 e' 11, 0 0110 veramente
1, 111 11 111111110 11 moto 0 11 10110 111 1011101011ος 1101110
egli 101010001001010011011 111111110ηο 10111 figura 10010·
100 1111111111, 0 1010 negato 11 0010111 11111110 11110, 011011
1110011101 11101011 11 1011111 101 110101 0010111 1011010
00111 mei 01010010 1101011110011,0110,11110111010 101 11
0011101010010 11 1111111, 10110100011111 11 11111110 1111111-
nita 1111111,0110111001010,10 prima 101 11 10110 11111110
1011 11101111111111101ος 110011 111ιί111010 100 0110110
0011000111 1111 01010111101810101 (111111, 111 11110 0110 0011
101100111100111,10100101010110 mai veramente 11110 10
101 011011 figura ampliata 1001010011 1111111, ha creduto
di 0010101010 00111011 810101 11111100, 11110111 dilatatione 11
110011 010101110 11 quiete. onesta, 00110 11010110, 1 11101-
1010 101110 11 100111100011110110 00111101111001 101 810101

. Grazia3 ma 101 presente 01 e di 0111010100110111 01000111

11 101 11 0110011 11 11111010011011101000111111810101
0111100, 11 quale per 111 1000110 0011 mano ’0110 110001 100
1011110 [10110 1111 1011101100 111111010, 0 0110 11010 'viena pe·
1011111 11 1101 110011 11101 quanto 11 011 10011, 11011
01000110 01 0010 11 10010,101 quale 1111010 1010111 1101-
1011010 11 acqua per 00111, 001110001 11 base 10 0111, 01-
1010 0110 11 recessero 1011111011010010 100 01111111, 01010100
0 1011110, 0 1110010110 e spazi0s0. li 00111110111001110001
si 0101011110111110100 001 11 1101011111 0100011101ος 111
00101010110 1010 11 10110101 8101111111, 1101111110 0111011010

, 0 11 0010 00111 base 11 0111 101101101010111111 110110 maneo

appoggiandosi sopra maggior quantita 11 100111, 11 0110 101 11
1010 10011010. Μ111 810101 1111111, 1011001110011110010
penetrando, 11001 10 10110 0100110110, 0 101110 1 1100. 207:
1100110001 sare 1010010100, 1110010 [010 100 1110110 10000
aaa piramide 0 000 10010 01010 0 1011110, 0 chiaramonte 11
001111 010 10 flaura 0110111010 10 11011111 001 aran 00110 ia
101110, 0 10 1001011010 1111111 quasi 10110 10010 101000. La
quale asperienza 1 11111111101,01011 810. (11111111 1011111111

 

