0 0333330333013 0333333. 289

333 3100030 vedere 333 31003 131033, 3330330333 03110 33313 .
³ 311133113311311 1130113101130333, 10330331 333 altrimenti
010 13 133310113 1 abano, 303 101313 10113313 033103313 103-
130 011333130113 010 311 testera sopra, 0 3331331333130133-

1113010 13 10113 aria 310 rimossa. Or 30333 330313 313 3033 “

010101 331103310301130313 101 333 301030 11311031030 13
3031310333 101130330. Ma 311 1103, 01030331 3303103033313
13110 1033, 0 faremo 13 modo 010 033 101 303 si 33313311
3313, ne altro corpo 10331033 (il 010 31 30113031 001 hagnete
solamente 13 superficie sua 1, 0 333031313 301130333 13 133010-
remo, subito 01· 0113 sara tuliata sino 01 1110113 313313 del·
130333, 0113 301300330310001031 13 13313, 33033011333 31-
113 1313003ῑο maggior 3331031111010 333313 e 13 333 sole
’ 333330333; ma 31113033133 333313 033 101 11300310 13313.
0110 3030133 13 3331331111 101130333 30311 33110 tanto. 0 poi
si terma. Or 011 dirime 1310 accidente 1130313131113333- ’
1033310110 1333301 11311030, 0 333 13113310 310303101 E
1331130310 3331 3033110111 le quella 101 8130313313 301 1130
ohe 13 ligura 330313 0 33113 30333 303 331 (3331333 10110113
10111311030,00.Α133330 33331 1130 010 113133 010011
parte superficiale, 301 30313 poi 3130 31 13313303 31 13 311
1131313301 adunque 33 corpo, 010101 10313 101100333 ascende
in 3113, 3103 30330 1131103Ιο parelleli 30113 3331031111 101-
130330103031013 3033 333 133330 33031 03331113330.
(133. 129) 11310330 10 aero 13 001 33330310

Qui il Sig. Colombo non 13 31133, 3033031031 1013003313
33111010, 010 303110330 303 0333313 330113 010 1131011311
813. 11311103,οφ 3303033311 3010313 (3330103330 13 3313010333-
3033131 qualche cosa 033133313 3113 333 13113130, 3130033 3 quelli
0130 1033033 303 1033030 330310 303111330 003 3303 attentione
3 033 3000 intelligerem 33333 10 33311 3033330 31 300330 3303·
13300310 13 mille 313033131 01’ 01 13310 13 somma 10110 330
3303333ος 0 13 303 303103 03313 011 30 330330 1133333, 33-
131 3330310313 330311 03111101, (33333 gia 30313113, perche
3330110 1011333 13333033. 11311 dunque 1033 3303 preparato il
1011330033 3333301103311 11 30103 (33313330 come 31330310

(3010313310330 33333313 131 813. (1311103 033011310 0030 31-
10133033 Graiam. - ’1. 1111. 37

 

