532 11010011

’ 00110 001100ου1 0100 01001101 010101010111001,01010010 0 000-
11010010100001 1001010010 0’ 100011 11100001 1011110 011011
1001100000 000001 000 0100100100ῑο 110101010 11 0100001100,1
000 sentirem 111110 00000 1101 1000 000110 00 minimo 11110
110111. 1111011000 101 1100111011οῑ0 00110000 1110001010, 111101
0110101 010111010111001 1011111001010 membrana 11011 01110.
000 00010000 1 0001110 110000111011100, 0 0000111Ιο 100001·
menie, in 100110 0010 000 000 110011000110110000110 010000 001-
110110, 111101 000 101 10100010 0 00100010 000 1010011 1100 00110
00000 0100 010000 0110 101110 00000101000, 0 000101 1011010
0000010 100010 0 0001100110 1100000 11 110110 membrana: 11
00010, 0000110 10110 1001001000000 11010001 0000001 001
000110 1111 1100, veramente 0110 1101010000 001Ιο1110 10110111
membratim 1110 se 0111 000 10 0011010το, 01 rome 10001011·
meme 0111000 00 11010 1000· 00 minimo 00000 (00 mem
0011010100οο 000 100110 11010 00110100 000111 quei 00111110·
01101 000000101ιί di 00000, 000 000000100010111010101 00100110
1110101111 1101), 0011010 00011001010 0 01011010 0110 1101000οε
11 1100 011 0011010, 000010 000110, 001οο010110 001 1001100100
100110 1000010 10 sogum 01110 00000000010001101000010100·
(1010 00010 0110 0 0101000 (101000 0110001010. 1000010010·
desei di 00101011 dichiarare a. bastanza, 11 10010000101 111 010
0000000ιο 00Ιο 0000110001 0110010110 0 considerate 000
11001010 0 101011000110 000 10000 00010110 0011000011 00000110,
000 001000 0100110100110111000 0 100001000100010 10111·
00000, 100 001 0011001000 1101100101001ος 0010110 quando 10111
1100001010100110111000. 0110 00 1101010000 dar 00000 0011010
1010010 000110 0110 110111 1001001100, 01101100011 0000110
00001 10110 001110001. 110 011001 11101000 11 0000001111 111
1001110 00110 000010 001 000011101011010 11 1001010101 1111110
11 0011010100 001000 00000110 10110100110111011010110,011 10111
00001 000101110 0110 000011001 1000101101 grandissima, 0000110
101 10100 1100110000 00110111, 0111 0101011011000010100110,0110
000 0010100010 0011010100οο 11110111 1001001100, 101 01011010οΜ
10011 010 0001111111 1110001; 101 001000 10 111111 00001111οο0
· 1101100001, 000 11011 immersione 110111 00001010000000001110
11010010 1100 10110 0001101οι00ίο 000110 0 10110 11 1000111·

 

