1211 . 00300303

⁴· 0 messala ai 10030, 31 0003100 33033 03110 3331030313113 300303
(1303333000, 31 300 303011 3031003333 11 0011303 303 33303-
331013 011( 01 103 0113; 0100333313 00103110030,031110130101031
300303 03303333000 3 01003300031 31 00001300 31310; 00110
3000033130311 10030 30303 030 13110 0103011303 133003 30·
003 13 303 0310031 303111031003, 3 303 3031 33330303 031 13000.
03113 3303 3 031 00313, 3113 0031 30311103100301100030300 031-
110130101031 3 103003031, 00033113 033330300 030003100ου3
30003003003013 103000. 1130010 300 003013 13311110 30 30103033
3110 0133000303, 011 13330000 00000313 3030 031131103 3303
013033 presa dagli oliandoii‚ 0130000011303 0303013013 003010

0 3110110 pareva 303 31 potesse 30130030 0013331310, 000 1333000
3011 1313 313110 0“ 333003031, 33 000 030 0030 103000; 30 3113

⁴ · 01 00000 0103000, 0000 3030 101333 1333331003 0301300313
011 133303000 simili 0033111, disse: 11000003 000 330313 013000·
0303 303 10110 031 00133313031 31 30003033, ma 303133ου3
31 030310. Si 303, 810. colomba, 003000 001 00011313 30130130
10113 13 nominata 01313013 0013031313,11 810. 11311130 01 300-

. cederi 1331103013 303 003313 031 00133313031 31 3000303300,
ma 0100 303 133003 31 030310, 000 303000 3113 303 1303 00
30110110 00 00113 3303 00 301 13000. 0031, 30003 000 01 33· ’
3000313 303 10110 003310 003100 discorso 0 300100 01 001, 3 03-
30333013003013 30031003 100003110 01 0031 303 001 03 03330-
0113131 Ecca 303 10 03 10 0100031οο. 130300 10 030013, 510000
(10100100, 303 13110031 00133313031 scema di mole 3 31 ri·
3101003, 3 303 0311310 03113110 000 0013331310 03 10 1300ος 0300
0130 003 3011 0 3000303310 3 1000301100 3 0303001113000,13
3303 3 11 01313 3331 303003 031 001333130313101310100000,001·
300 11 senso ci 0333103 30* 3331 33303300 01 00313 3 0300010
,10000 03· 0130331001 1100313110 03οὸ afferma essi 303003 33330
13111 03031 3 010 gravi: 3 33003003 003310 011000 3 3130033000
modo di 0133000303, 030300 13 03000133003031 00133313031
130 10113100003110, 3100 30333303 01 (0013, 31100133310 031·
13001303 3301000 031133ου0, 10 01 3333 300103010 01001310, 3
0130 303 3113 31 0303103 010130 meno 00303. E 10 argomento 0303
3001 0330030003 0333003003010, 0130, 030300 dile: 10110, 13

3303, 11 13000031 00103313031313000303300, 030300 33303300

 

