,1133311333311333131113 . 455

, 3111 13 1313113113 suppone 333131313133313113; 3313 33113·
3113 3311113 33331313, 813331 1131313113, 3113 13 311313 dimen-
simeone voi vi immeginete. 31311133313 iungimus, 31 e
1331333133311 333 1133313113113133 penti. Se 331 13 33
33313 11 131 11333 11 3131311313 3113111311333 33333113, 33
33333 13 1313113113, 1333313 33331 331 intendere senza 13
1333113113 31133333313; 3 1331313313 33 1313131331133 331113
1313131311313 33313113 11333 33133311331313 3113 133 311313·
13113 1133313113, 33 33333 13 13113 dimensione 13113 313133-
1111311313 311311313 prima dimensione, 3131 13 1333113113,
331 se 3313 33311131333 13 11333; 333313 33113 1313113113 de·
13131133 13 3333111313ς 3 13113 113 insieme 1333311331113,ο
131313 111 33133. Queste 113 dimensioni 33133133 31 13131311-
3333 3131111113 333113, 3311133 33333333313 1313 3333 133-
3313 1113333311, 33313 1. 31. 13 333 131313, 13 313331313 31 do·
33313 1333113113, 13 mezzana 131313113, 13313313 3113113 3
313333113; 313 13 33 33133 13333 3 1331333133 33 333, 13 ¹
1333113113 31 1111, comedite 131 333313, 1331333133313113 33313
3113 31333, 313 13 31113133 dimensioni sono 333311313131333
13 313333113, 1133113313 13113 131313113 3 13113113113 3 313-
1331111; 3 11 (1113 13 313133111113113333333113 11313111313113
superficie 31 333113, 33313 1113 131, e 33 11311313131 133313
13113333311133311 333311 3311 3 3331111 termini: 3313111113
11 1331331311, 33311 11 333113 13113331 3 131 31331333313
non 13 3331313, poiche 3311333 11133 133131 31313 3333111313
113113131, 3 13 133313 133113 333313 1133313 333113 131311
1113 3333. Μ3 qnando 331 131 1313313 113313111 3311333 33
333113, 33313, 1. 31., 113331131311331311113 31113 33313 3
133113 31311333, 33313 131313 131 3113 3311113311333113131·
minare 13 3131331111 331 31313313 3311131311133 131313131
31131311333331113131311333 3 33131 3331331 3333333 313·
13113 infinite 11333 1133333111 3133333 13 33313 1133331313·
131311331313 131 13 3131331111 13113331 13133 111313 13 333
111313 33133311331313 3113333; 333313 33131113 11 maneo 31313 :
133 11 333313, 3113 131 3131313113 331 13313131 [3333331313 333-
311 13113131,31 33313313 3113 131 333331313 13313 313311, 313
131 311313313 331313331313113 31311; 3113 13313331311131113-

 

