1 13131133 1131331111( 109

1111, 3131133131333313 3133111 11 1333 1133331333 3311 aequa.
31 31131 ascendam 3 3311333133, 3 questa 1 13 (33331333 311·
331 3331111 1’ 3333 corpo 11333113 311’33(333; 31 3113 33331313-
3133131 33331 3111 31311 1311333311, per quel 3113 113331313113
1313 3131111, 13333 31 13313, 31 111133 33311 1333333 3 33113(
si 31331333 3133313113333 333333133 31113 333113313, 11
quale 33313313 31311 13313313 1 13313313 3 1333 3113 3333333· “
113313313313 3333133,3131313333113,11333111 3111 33311 131133·
(3113, 333 1133331333, 3333313113331113133 gravi, 333 moeo-
1333; 3 questo 333113313 113333 33333 13 11331313333313333
edomando, 33 333133 3113 1 33331311 33311 1311331333, 3’
3331 (333 quanto 1133313 13113 3331111) 1133331131113333-
1333, 333 31 3331331133, 3331 33113 11 113333 11133133133333
131 333111113331133313333 13 (3331331333 11333313 univer· -
sele, 313 (13 313333 33311331331 solamente. Non mi 33133333
31333313, 1313 impedimento 1133313313 3331 3331311 113333
13111333313133313, 33331113 questo Ι31313 3133 33333 311331-
1331333 31 313133131311113, 333 31 13313 33133 313 1133313113 Ἴ
13313333 313 11333313 : 31333331 3333333313 (1133, 3113 131
313111313333113 333331133313 3313133313 13 313333 113333 333-
11331311. 033 so 3331 e, 33313 3333333313 3113133 13 113333 13
33 31333 313333, 13 quali 333 113331133333133331 3111 33311
1311331333, 313113 3331 333 3333311133 (333113 3333 3333131133
1313313 3113 1133313 13113 133 3331111; ood’ 13, 33333313 311
3333 311313311, 13313313 31131111 313 333333313 313333 11
333113 113313, 13 quali oon 31133333133331313133111133133331
operamne, 3113 1133313 13113 3313311333331111131 mobile. 111
11333, 333 33331313, 11333313, 33311 1311 113333 33333 13 3131133.
Adeoque, 333313333, 33 13 113333 3133133333 311333 niente
11331111311333 3 13113113 3113 1133313 13113 331331133 31 3333-
1313 3331111 131 mobile, impossibil 3333331111 formare d‘ol·
333331313313 3111 33313 1311313333 3113 31333, 13 (33313 333

33333 13113 3131111 13113 almodo, 3 3113 331 333313 31313-
31313 33113331 1111333113 13331333 3113 13 1’ 3331331111 313111
’ 13311 3113331131, 3333111 333 33333113313 3113 31133 3333111333
3113 (3113113 313 1133313 13113 3331111, 13133331111 3333 13113
13113111 13333 3131331133 3331111 3311333131 3333 13111 31*

 

