1 1311111110 0311310103113. 3111

ne 1331313013 31133331 dissipata, ne 311 esser 1113113113, 30131111
3031311 333131103113 11 queste 0031111001, (1011311110111 03333-
31111 333311 13 13013131330313 per 3333113013 31 13113 000 11
11 30131111101313. 113330113130 0131113 serie 11311011 331-
11001311. 331 30110 questo 103110 breve discorso disseminati.
111103, 11030 13131 1333310111 13113013 13130313010 3 13333-
113013 del 51311311130, 333131313 131101 300 300 dire. 0113
3311 1113 310110113 senza 113101313 13 1331001 33113313110110,
3131313011 1331303 33331 continuae tennee: nel 3113101 (103-
31333οῑ3 311313. Prima, 331311111013 31 113313333113013333-
3313 3131113311331133, 300 e 011111130 (11113101313 1331001, 13
30311300113033113313130103130013113011 3 10 313110 331
ohe 101 33331313, 3113, 3030 10 (10111133 331133131133, 003 313-
0113313 3333113313 113313 3 30311313 311113 1331031, 3 3113 101113
1331001 300 11331300 331 render 13133 00’ 3333113013 1313. Se·
00013113313013 10 300 30130311 101 3111313313 13310111 331133-
13110113, 300131313011 13 30011001113130331111 1131133003, 331-
31111 1113101113, 0113 10 333313, 000 31013 1010030 313000 131
0001130111, se 10133 101003 31113313313 1331001 13 303 3010-
11133 1313110 3311 3013313313 deum 133 33 questo e, 131131131
131 1331003, 31313 3113 303101131113110 000 313 113110, 000
ὁ 10 3013311 del Sig. Galsseo. 1113 33 331 1331001 3311331311-
3113101 1013311313 quelle del 813. 1331111003, 3111011310 1003
3113313333131131831301331100 Granduen, 0 303313 3113 101
313330 3101103313 adesso in 303310 100303 311133, 1333010 3
3113113, 11 513. 11311130 000 ὲ 0031 1331 313310 3113 31 133113333
13011113313 30113 3131033 3111 0 1331001 0 (11330131 13111 13
1033133111 31 313, 3 313331133 331 30010131311; 303 311 33-
133110 033310 11 31111313 313000 1131 1133311110 1131 130130 3 de!
3013133033111 30313, 301133331311 3 1130 13111310113133131-
3111103303301011331003013011 10 1033, 313 ne 300013
131111013 31111313 113311 31111 003 131311113 301111113113 33013 es-
13103 113313310 1131 310311 3010110 3131300 333131011133013.

13010 3030 3011331013 300 130113 3 300 333101311003; 3 101

1131331130 301313 33331 111 0111 3 101 buon 13311100010,11 quale
11311ὸ11111011310113 10 1003, 3 3330 331 1311010 3311113 311 331131,

111111313 3111301310 11 51300111311130 3110131 3311313 di 103113

Α

 

