1 1111111111111111111 1111111111 3111

1111111, 1111111 11 111111, 11111111111111 11111 imaginabile
111111111111 11111111 1111 111 111111. 1111 111 111111111 1111
Ι1 1111111 1111* 11111 resiste, 1111 111111 1111111111 11111 11·

1111111 1 111111111 111111111ς11111 1111 111 impossibiie 1111
1111 11111 1111111111 1111111 superiore 1111 111, 111111 111111
111 111111111111111111 1 1111111, 11. 111 11 811. (1111111 11
111111111111111111, 11 111 1111111 1111111111, 111 11111111
1111 111 1111111 11 111111111111111111111111111 11111111111
11111 1111 1111 111111111111111 1111111 1111· 111111, 1111111 mai
111 1111111111 1111111111 1111 111 1111 1111111 111, 1111111
11111111 1· 111111 che 1111111 1111111111 1’ 111 111111111111.
111111 i vero 1111 bisogna 11111 111111 111 111111 111111111
1111111 111 111111111111, 111 111 11 811. (1111111 Ι’ 111 1111-
1111 11111 11 1111 111111ς111111111111 11111111 1111 11111
11111 111111111111111 11111, 111111, 11111111 111, 1111111-
1111111Ιὶ 11 luogo, si 11111 111111111 111111111111111111 esu.
111111. Perii tornaio 111111111111111111 111111111111111111111 f
111111 111111 111111111111111 11111 11111 11111111111111
11111 11111 11 1111111 1111111111, 1111111 senza 1111111111-
1111, 1111 Ι’ 11111 1111 11111111111111 1111111111111 questo 111-
111 111 111111 11 1111 1111111111’1111 111 rosio 1111 111
111 1111111111 11 1111111111 1111111 111 11111111111111111111
111111111 1111111 11111111 11111 11111111 11111 1111 111111-
1111111111111111 11111111111 111111 1111111111 refugio 111
11 Ι1111, 1111111111111111111 111111 1111111111 11 1111 11 11111
divisione. E quai cosa 111111 11111111 11111 divisione, quando
1111111 1111111111 111111 11111 11111 11111 11 1111111111-
111111, 11111 1111 1111111111111111111 11111 11111111 11111
111 1111111111111 1111111 1111 tempo 11 11111111111111 111-
111111111111111 1111111111, 111 11 1111111 111111 1111111
11111111 11111, 11 1111111 111111111111 1111 111111111 111 11-
111111111111111111111111111111111 11 11 1111111111 come
11 11 1111111111. 1111 11111 11111 1 111111111111111111111, 111111
11111 111111111111 1111111 111111111111 11 continuo.
(111. 133) 1111111 111111 in 111111 11111111, 11.

· 11 non 1111 mai in 111111111111111,111111111111111·

1111 11111111 11111 11111111 11 ragione. 1111111111111111111

 

