113 31333133 3331333333

3313 3311333133133133333 33 3333 11133333, 3333113 3 3111 313131133
1313333313113 3 33133313. Ι
111 313 333313333υά3 3113 3333331133 13333 vero 333 13 Μί-

3133333113 divisione 1333313 3333313 3331333 331 3311333133, 33113 3

> 33113 333113 33113333331111333 13113333 3111 31331133 3111 33313, 3113 13

313 33331333 3 1333113.
orn 31 31333333, 333313 31 33133 3333, 333 11 133133 3333333133
33331133. 1333333113 3111 333 3333333 3113 13 33333333 331 331133 3 fl

‘ 3333 31 33333 33333333333 3 3131333333 333 33333 33113 1133331 33

33311331333313 1333113111, 3333311 3333333, 333113 313131331333,3
3333113333331333. 113 31 3 33113 3113 13 3331113 333 33333333 311333(
3311333, 33 13 113333 333333 3333 3313313313. '

Cho 3331333 3333333133 3 333313 13313111113 voi: 13 333·
33 3 33333333 13 333331333113, 3 33 3331 3333 33113331333 33133
prima: di poi, 33333333 3133331313 33333313, 3 3311113 331333 31 133331
3333333333 131333113133 3 3331333 31 3331313 3313 333333113 3313
33313. 13133, 3 3331133113τί3 11 313 3113 13 113333 1333113 3333331313 3
33313313 3333331333 3333 33133, 3333113 3311113333 vero 31131333 3
1’ 31133 33113331333, 13 3111 1333113 33113331333 333 313 efficacia, 331333
3333333333 3333333 maggior peso 13 313 1333113 3113 13 3111 3133113
33313 331333 31 13333. 833333331333313, 3113331333 3113 3333333333
33333313 3333333113 11 3333 33331313 33313313 3331313333 331 33333,
11333113 13333 11 33333133 33333, 33313 33313313 3133133310113133
33113113 3333333 33 11 3313331113 3333 13 33133 13 113333, 33131133
333333 333 33333 33311 3 33311 331133333, 313 333333 13 ’113333 3311
133331 Se 131313 3113 313 3133113 33133 13 33333 13 1313 31313 3313333,
3113 3331 313133 3333 3331331313 13333113 331333, 31333 33311333 3113
333133333331313 3113 333 33333 33333331 3111. 1331313 33 3333, 3311
3333 3113 333313 3113 113333 13333, 13 33133 3113 3333333333313 a·
13331133 31 13333, 313 33113 3 33113 33113 113333 13333 3 3313333, 333·
3113313 3333 considerabile. Corlamenle 313 no, 3333313 3331333313·
33331. ’

B fallacia grandissima 11 313 31131333333133333333 31131333313,
33 311111333 31333113 31 peso, 333333331 333133333, 3333 3113 voi, 13
33333133 3333331133 313333 3 13133 333333 3113 31 3333133 13 1133·
13 1333333 33113 3331311113 33331313, 333 31 33333333 13 grossam 13
3333333333313 , 33313 voi 33333133 3113331113, 3331333333 3333333
331 33333133 333 33313333133 33 3313131113, 3333 333 31 3331333. 533-
1113, 813. 11311133.

Quanto 31 secondo 3333, 3311 3333333 1311333 331 33133. Al·

 

