11118 11111111

1111111111111 1111111111 1111111111 111νί111111 11111 111111
11111111, 11 111111 11 111111111111111111 1111111 111 11·
111111 1111111Μ1 1111 111 11111 11111 111111, 1111 11111 111111
1 1111 111111111111111111111 111111111111111111 1111111111
1 11111 111111, 111111111111 segue 11 8111111111111111111
1111 1’ 1111111111 1111 111111111, scrivendo cosi: Non 1111
1111111111 111 111111 1111111 11 1111111 on 11111111 1111111
11· 11111111 111111 11 fondo, 1 11111111111111111111 1111111111-
percisos& [11 1111111111 11 1111111111 111 111 1111111111 1 sons
11 1111111111 1111 11111, 11 11111 11111 1111111, 11111111111111·
vien 11111 1 11111111, 1 1111 1111111111111111111111111111111
1111111111. Quoslo discorso 1 11111 voro, 111 1111111111111
contrario 111· 1111111111 1111111111, 1 11111111111111 11111111
1111811.11111111.111111111111 11 1111111111111 domando 11
8111111111, 11 111111 11 1111 cosa 1111 11111 1111111111 11111
111111 111111 11 1111111111 1111111111 11 11111111111111111·
’ 111111111111. 11111 quoodo olla 11 1111111111,11111 111111
1111 11 1111111111111, 11111, 1111 1111 11111,11111111111111111
111 1111111111 1111111111111 1 111111111111 1111111111111,
1111111 1111 111111 111, 1 1111 11111111111111,11111 11111111·
1111111 ohe 11111111 11 1111111111,1111111 111 1111111111 111111·
’ 11. 11111111 1111111111111111, quale 1111111111 11111111111111
1111111111111 11111111111111 1111111111 11 una resistennr
oon 11111 ohe 1111 111 11111111, 11 1111111111111 11111 111
1111111111 111 111111111, 11111 misum molto 111111111111
1111 1111111111111111111111111 11 1111111111 11 1111111111
11 11111 1111111111 111111111, 1111111 111111 11111111111111 non
11 rompono, 1111111111 11 11111111, 1111111 111111 11-
11111111111 11111111, 11111111111111 quens 11 11111111 rogos·
1111, 1111111111111111 11 1111 1111 111 1111111111 1111111111
11 peso. Posso 1111 11111 interrogamus, 1 111 domando 111111
egli 111111111 111 11 1111111111 11111111111111111 111111·
scendo 1111111111, 1 quanta 11 111 1111111111 11111 11111111
11 111111111111 11111 1111111111 1111 11 1111111 111, 111111·
1111111111 111 11111111, 111 111111111111111111 grano 11
11111111 1111, 1111111 111111111 11 11111111,11111111111111
11111 11111111 11 mostra 11111111, [1111111111 1111;111

 

