’ 3 33333133 33333 33333333. 11911

31 3133333, 3333131 3 3131 31313113 3 1313333331 3133333133νί3. Ε
3333, 8133313333, 331 333 13333 331313, 31Ι 31313 31313133313
3333313 13313 meno 131333; 333 333 3313 333 3331313133)
1 argomento, 333 ne 3333 1’ 1313331333 331 Sig. 113111331133313
333 33 33313331113 31 331333 3113133133 13 33333331 333333-
3331333 3113 333333333 331 331133, 33333313 3311 3333333 3113·
3113 3113313 3 33 31133 33333, 3133 13 33333 3131 13331333 331-
133333. 033113 3133 133 333111311 513331113333133 31 13333
31131333. 31, 331131333313333 3311333333 333 3313333313
. 333 e 3331333 331 3333331333, 333 333 33 333113 33 1313133333
11 determinare quali 31333333113131333133 3333333 31333 3
33113, 3 3133 3133 131 331333313331333 31 3333 311333333 33113
333333333 31 3333113333, 3331333333 13131333313 13 333313333-
3133333113 1333113333 333113 1333133333 1313133 13 3333333333 ·
333 31333 1313333113 331 813. (1311133, 33333 3333 3 331, 333
33333 331 33113331333, 3333 3313 come 33333 33 3333333313 33 ’
33133 determinare quali solidi 31333 333 33113331333 3 33311
33. Che poi, 31133 31333 33333 131333 1’ 1313331333 331813333·
(1311133, 333 31313313 3333 131333 1 argomento, eredo che 31
1333 3333113313 331 3331133313, 3 13331333 331 sar· 31331313 31 1313
lore 33 33333 31333 1333313 131333 3313333333 313313313331-
3333. E 333131311133333 13 33333333, 13 33133313331333 333
333113 3313331 33333333 (13 33311333133313, 11 33313 33313 sem·
pre segue 1333113, 3333 33313 33333333 3331, 3 333 33 333113
3113 333133 333 33313 segue 33 3331 modo. 033 3333333 31
3333 333133, 131333331, 333 33333313, 33333113 31 13333 3333
11131333, 13 33313 333 331133313; 3333331 come si 33333 1333 3133
3113 33113331. 31333333 3313133133 31333331 13 3331313313333
3 3311333333. 13 3133 3133 333313 31333313 313333313113, 3333133
aneo 13333 31313313 3133113 3 13333 come 33 333133, 3 31313
un 313133333 3311113 come 333 33333 3131333 3311333333 ’
133331313 forma 31 3313, 313 3 33113. 11 313. (1311133 1313333-
3313 33111313333 313333333 333311131131 11 33113 13333 3113 gros·
33333 3333 33333 3 3311333333; 313 331 13 33333 133333 ,
3133113 3 13333, 3 come 3113 31333 3 331, 33113333333333333·
33313, 3 1331 333 3311333333 33 3333133113 31313331113113333
(intendendo sempre per 1333 33313 3 333 131133 3133 13 Ι113333

 

