1 3111331133 31 331311. 381

31 33311333 333 13313 311333 13 133133113313113,3333333331 ’
333 3311331333 13 13333, 33 11 3311133 1333311331 3 3133313131
33133 1· acqua 3 13 33333. 3331 33331 3333333313 33 13311113
333 113313, 31 333 1Ι orificio 113113 33333113. 3333 3333133311
3313331313, 33333 33311333313 1333333 13 3333111313 3131 mar·
mo senza 333 13331 spiraculo alcum, 3 331 meglio 333133-
33131 1333333313 33111333313 333 33 3333 31 3313 333313 113113
3113313, 31 3333313313 331 3133313 33311 3331 331333313 333·-
1313, 3133 333 iacendo 333 13 3333311313 331113 3111331333, 13
333113313 13 133113 3113333131 31 1333133, 333 3111333311 3333-
33331 1’ 31331313 da 13333, 3333333 3333333 20 113313; 313333
33113313 313 3311333331 13 3311333113 313113 3331333131 (133133
3113 33333 33113 33333113, 333 333333 3113 333 33333 113313
1131 33313113 di quella 3333 3313 333 13 333113 3133311333,313
331333 333 13333 11333333 3 immobile. Μ3113311113313,33333313
333 3331133333 11 (13113313 qui 33311 31333331 3331 1133313, 3
333 1133 333 331 333 33113313 13331313 33 331131133113 13313, 13
313133 3 1 31313111, 333 31313 333 11333133 13 13133 33131333, 33·
11313 3 133333 qualche 3313313133333 (11 33333 111 313313333,
3333311 33113 33333 333313113133313 13333313, 333 13 3313 31133-
31333 331 11313, 3113 333133 31333333 1333 31331333 333 33113
di 3133133331 fondo 33113 33333 3133 3113 33333; 3 3313333
1’ 33333 13 33113 31 3131333 31 133313333 333333 33313113 3333·
3313, 33333311 3131333, 33333331 33313133133133, 3 133113 333333
311 3131113, 3 33133113 3 33133 13 333 superficie 333 quella
(1311’3113; 11 133333131313333133 31133133 333 333133 3311111313- ,
3133333113 33113111 13333, 31 3131313, 1133333, 311 13 3331313
(1133313313113 313 31 3133333. 313 11113311 333 33113,81-
3333 1113313, 13 333133131 331 33313313, 313 131133 13333311·
3111333333, 3313111 essendo 3113111· 331133113113, 13 3331313311313313
3111111333,33113333133 111 1333 3 3331333313 3333333313, e 3111113
quasi [3333 3113111333 io, 1333133113 33 33313 333 1· 31313113
33333 13113 11 contrario di quello 3333313113, 333333133333
333 3111 3311333313 313333 311333313 333313 311113 311313,3

13113 1333113 3 3113131 viscosi 13313 3111 111333333 33113 quanto
311131 313333333, 3 331111 1333333 3331113313131 333331 3313·
313313 333 311 31333133311113333 331 3333313333 1333133313

 

