1111 31333333

313 3331333331331, 31333 333 d 311 33333 313 333113 313 13313
333 33333313, 3311331333313 un 333333 dito? 033113 3333 degon,
313 1 33113 11 331 deda 3333, 333 1 3311 3333 313 3111 [3311333313
3333311 31 distros, 313 333 [o 13 333113333311111131333,1’33-
13331131 problema ed 11 Sig. Galileo non 3331333 (1311331333
veloce, 3333131 331 33313 333 31 naviga, 333 31311· essere 33313-
3313 333331133333313. 8333313313333313, 33 331 31 31333131311
333113 3333 313 poco di 33333 33313 3331113, 33333333313 33333
333 31 33313311113. Vni 33313313313313313313 333113131133-
333 essendo 13 maggior 33313, 3 3113 profunde, 3113 333131333
331 morinensi ; e replicato, 313 3333131333331311333133-
da, 13313 1333331333 13 333 13333 331 resistere 3113 31313333;
del 313 333 13 33333333 33 segue, 3133 quondo moneo 3113
“ 3331, 3 meno profonda, minore 333113 333 3331313333 333133
31 333311333ίὶ 3 3113 313133333 3 soggiugnendo 3333 333, 313
333113 3333, 313 d 3311311 fondo (13113 3333, 311 1331133313
31 31131333 ohe 33 13333 333113, 333 sedete 331 ohe questo 1
33 333313333313 concedere 3133 311 13311313313 3 33133333313
3113 3331133333 33113 3333 noque 31333113 3331131
(Png. 175) 8136311133, 331313 33111 3113311313 33.

13111113, Sig. Colo'mbo, 13 questo luogo 3133 333333 31
33333313113 che 11 813. 6311133 abbio 13113 questo ultimo 33-
33333313, 333 essendo in 131333333113 313333 333 333331331333
3331331313131113;331 io mi 3333313113 3131133113 3133 33131-
131313 3331113 333313 33333113 13 33131 forma, 33333 3331333333
31333333 313 1313333333 333333 13 331 3331313331333 333333,
come quello 3 331 3333 3133 13111 311 31131 3331 3333333311
31333 parimente 13331 di proposito: 333, 3313111 331 1333333313
13 comune 33333313113 di 13111 311 31131 come 33313333313
31333 questo 33311331333 argomento, 333113 3 concedere 311
31131 3333333311 333333 31311 33331311 3111333113333333;31113 ¹
333113133333333133333113333, 33 331 3133113333 333313 31 31313
dimostrato 33313 differente 313 331 3331331333. Voi 33313313
131313 3333333 od Aristoo‘le, 13 333313 3111313 argomento, 313
3331 attramento 13133313333 113113 figora 1333333131 333333-
- 33331333, mo 13 313333333 del 33333, 313 1 11 3131331333 31311
peso, 3333333313 (1131133313 3311· 33313313, 3 13 3333 33 o'ero

 

