. ⁴2 nisconso 1111011110 1 Ginnnooinnni.

000011101101001010010 110110 010001110, 00 001 0110010100οω
00001001010100. 1101010010 00010 10111 1 00101 0011111, 10010 quei
0110 100οο 01 100110, 000010 000111 0110 00110001000, 0000 10-
11111010010010010 0000000011 0 0111010101100110 100000111οο
(101Ιο 101110 110110 000110 0000010101ος 00 011 0001001010000
1101 0101101 1011 conclusioni 10000110010, 0110 011 0011011110οο
essere 0000010, 111 100111 11110101 10001, 001011, 00110, 00111111
001111101001101100010011001010110 0 111 100110110, 010010
0011010 00101010101110 01 1000101οἰ verffli centro delia
10110, 10100011 10110110 1010010011,0001 10110010 (00010011-
10000 011 0110100111, 0 001 101000010110, 0 10010010 0 pene·
11010 10 000110001100 110110 00111 1101100000, 0 0 1110110110 10
000 001000, 1001000 0 00110, 00 01 010100110οο 01110100010; 00

’ 01110010110101010 1’ 00101110 1111110101110, 11 00010, 10 010 111

00 10000, 01101010 10 000110110111 questo, 0110 1’ 0000110010
101 0100110·

10100 dunque 011 0110110010, 0110 000 0 solido 010000 111
10010 1000010110, 00111 101110010, 11 00010, 00010 00010
100000, 0011 11111110 0 0000111 10 000 01000111οτ 0011 00 01-
0000000 000010 010 0010010000 1010010 0 1100011101 0111
00010100010 10 0011111 101010110 111 10000, 10 101110 esser 000
00110 110110 0100001ῑο 1010 0011001000, 0 000 1100101 0010-
100010001Ιο 1010 10101101 superficie 10 0110011010 1101100000,
01 00010 0 0000000110 0110 01111100 01011010 000111, 0110110000
1101100110 1011 00010οΙ10 000 01 00011001οο00 0010110 000 0000
001001101111111011010000110110110 00111 11011· noque: 0 010
101110, 0110 10 0011111001100 0100110 11011000,οἰ 0101100111
10010110, quando 1001000 0 00110, 000 0010010010 hanno 10110
10 continnazion 0011001000, 010 0000, 000 10110 10 1010100-
00110, 00110100000111010111 000110, 0 0111 0 0111 0000011001ιο
1010010110 0010000010 010110 01 0110 000 001111 101110 111
01001110 10010 10010 010 110000 0110 10 0000111010 1101100000
0110001000, quanto 0 001 10 010000 10 010000110 110110 010110-
01010 0100110 01000 11011101 10110, 0 1010 01 0101001010 00110
11 1110110 1101100000 0000110011 10110 0111011010 0111000110
110110 0100110, 0100100 10 0111 110 1100001110111010111. .
.· Ma segnitiam 111 101 manifesto 00100 1· nequa 001100 01

 

