1111 11111111111111

111 111111111111 11111111 1111111111 11111 1111111111111 111 1111111111
11111 111 1111111111, 111 111 1111111111 111 11111 1 111 1111 1111111 11
111111111 111111 1111111111 1111111 11 11111 1111111111 11111 111·
111111, 111 1 punto 111111 1111111111, 111 11111111111111111. Impor-
11111111 1111111111111111111 111111 111111 111 111 11111 1111111111111
111111 11111111111,11111111111 11111111 in 1111 11111 11 &m
111111 111111111111111 1111111111111111111 11111111. 111111 omum
11111111111 1111111111, 11111111 11 figura 11111111111 amplicem
’ 111 11111 1111111111 1111· 11111111111, 1111 1111111111 11 1111111
111111111111111111111111. 111 11111 alquanto 11 1111111111 dim
1111111 1111 11111 1111111 1111 11 sig. 11111111 111 1111111111 11111 11
11111111111111111,11111111111111, molle 11111111111 111111 11111
111 111111111,1111 11 11111111111111111111111 &Aristoma Β qualo
1111111, 111111 1111111111, 1111111 111111111111111,111111111111
1111111111 111 111111 11111 111111, 1111 1111111111 1111111111111 leggono.
11111 11111111111 111. 11111111, 1111111111 a intendet 111111 1111111
1111111111 11111111 11111111 11111 chiarissimo, 1111 1111 1 11111111, 1111
111111 11111111 11111111 1· 11 1111111111, 11111111111111 11111 111
11111111111111111 11 1111111111 11 1111111111 1111111111, 1111 11 1111111
11111 11111111111, como 1111111, 1111 11 111 11111111 111111 11111111,
1111111111 1 11111111 11 11111111 111111, 11111 11111 11111111 1111.
11 11111, 1111111 1111111111 11111111111111111111111 1111 11111
ugione 111 1111111111 11111111111111111 1111111111 ; 1. 11111111111111
1111111111 1111111111111111111111, 11111111111111111111111 por
1111111111, 111 111 111111111111111111111111 1111111111111 11 111·
1111111 111111 1111111111 111111111111 11811. 11111111 1111 bisogno·
111111111111111 111 111111 nobili 11111 111 111111. 111 quarto 11·
11111111 11111111111111111 111 111111 1111111111 11 questo luogo 111111
figura 1111111111 in 11111111 1111111111111111, avendo 11111, 11111
11111111 11111 11 1 replicato, 1111 11111111 11111111111111111111111111
111 1111111111, 111 111 11111111 1111111111111 3 1111111 1111111111
1111111111 1111111111 1111111111 1111111111, 11111111 agione 11111
111111 1111111111 1 11111111. 111 111 11 un particolar 1111 1111111111 11111
- 11 figura 11111111111111 111 1111111111 1 111 per 11, 1 1111111
1111111113111 111111111111111111 111 11 1111111111 1111111111
1111111111 1111111111 11111 1111111 sopra 1111111111. E 11111111
11111111111111111 111111111111111111 parole non abbia attribuito
1111 1111111111111111111 11111111 1111111111 11 11111111. 111 111 ha
1111111111 per accidente 1111 non 11111111111111111111111111,1111
11111111111111111111111111 1111111 guina 1111111111 1111111 111 11

 

