331 00000001

00* (01011 01 10000 000 0001100111 (11 00011, bench& 0011100011,
(11 001000 000100010, 0 (110οι 11 00000 umam, 0 10110· 010· altri
00001 (10011 animati, 000 0000 continui? Domine, 010 001 (ΒΜ
⁴ (0000110 egli) 010 01000 10 0001100000010 (101 10110, 00. 10 000
00 0 0100 000000110 faccia 01 gran 10000000, conforme 01 000
10000 001111ιὶ0, (1100010 che gli nomini 0 011 00110011 01000

00001 0000110010 0 veramente questa mi 0 giunta 10 0111 nuova
0 10000011010 00000010 (101 mondo: 0000110 000000010011010100-
0110, 000 0000 0000110 0110 100000, (10110 quale 0010 01 (11-
00010, 010 00 00011000εο 00000 00000000011 0100 011 0000101
0011 00100011, 0 1011010 01100 0000 01000 00011000, 0000110

1· 0000ος 0 10010 0001000010 000 01000 0100001010 (000010100-
000 000 000 voglio restare (10000011010 d‘ 01101 000001 01101
0000000110. 11001000, egli 1000001000 (100000 00 010000, 000 000
01· 01000100 (11 010 01ιο 0000 000011 aven scritto. 111000 (1100-
010, 0100000001000010 1100000 00011000, quello 00000 10100 0110
01·- esso 000 se 00 001000 0000νο00 000 00010 00000 0110 00
00 0000000000 (0011001011ος (101 0100,οοωο 00101, 000 -00-
00000010 00000000οι0 (10110 000 (10110100, 00 0000110, 0100 (0001
00000, (101 0001000 00 potesse 00000000 000 00010 00000 mun·
vomo 010110 0 10110, 000 fusse 00 00011000, 000 0110000100
000 010010 questa determinatione, (1100 01 sig. (10100010οο 0110
10 00000 (0000000 00 (1110 (11 00 nomo, 00 0001010, un 0000-
0110, 00 0000110, 11 sangae, 11 11010,-·10 001100 0 0110000011
000, 00000· 00000οτ00 01100; adunque 000 10 000 010010-
01ιο0 (10110100, 0 100000 000 ὁ 00 00011000, 0 egli 10(-
00010110000010100 0100001001110 0000 0001100ος 0 00 10000 01
(1100000 che (010010 ‘dhon sono 00011 000, 000 0100 01000110-
(100000 00011000 molto, 100000οὲ0 101 0 (1100100000 (00011
0000 10 00011 000, 0 0000010000 che 0110 000 01 0000000000-
0000 0010. 5000110 di 0000010110001 0100 01101 0010000 (1100 Ι0110
10000000000010 00011 00000010 (10110110, 00100 0000- 000
10000 un uomo, 000 000 massa di 0111 00001.Ρο1000, 101 000·
00010110 (1 superflua, 000 00001011δὶ0. (1011100 (10110 00010100
100000 000 sia 000, 00 0001100ος di 0111, 10 000 00 00010 11
810, 1101000110 00000 000 concedere 0100 0110000 11 000000, gli
01101 umori e 011 0010111 000 01000 (11000010010001010 gli

 

