1 13331113 nstin cotenon. 111

11 13313 31333313 133131 3133111131331133 333313 331 311133-
313131 31 33313333 3 1331311333, 33 11333 31333311 13313 3 331-
133313ς31113331313 31331313 3111 131111331111 13333133
11333313 13311 1313131, 311313113 333113113111 degli 3113111 3113
13113 3311113 333 31313111 313333113313 11 1333113; 31313313
3113 13113, quando si 31113133 3113331313, 333133 di mole e in
33333333313 31333311 3333, 131313 3113 1331133 333331313, 331-
cite si chiama ghinccieta, 3333 333313,1311111“111 questo nome,
3113333 33133333311111113113 3331111331 medesime: 133 3311
33313 11 1113311113, 3131313311313, 3 3333313131311 333 13113
1 fliosofare 33313 13 3333 3 333 33313 13 peroio.

L’ 3131133131 3113 131 1313 331 3313331313 31 813. dritten
3113 11 31133313, 13133313, 1313 3 3133 31 1113133311 1311331131
31333 33131 331331, ὁ spese 33331133, perche egli vi concedere
3113, 31113 3 questi, tutti gii 31111333313 31333 1311; 133 333
13133133313111 giis 13313 13113 1331333, 33133 1313131131 113-
313313, 3113 331 31313113 331333 31313 bisogno di dire 311· 31
33113 31313, 3 331 3133113131 31131 3311331313, 33113331113133
111131 3113 33111333 1 33131311, cine che i 3331 311 1131333
31131313131 1331333 13313 1311313, 1133313 potrebbe 331 31-
13311113 essere 3113113333 313333 31113 fondamento, se non
3113 1133 13113 33 3333 11313333 33 dirimente perso 131 333
3311333, 3 13 11313333 331131313 13331313311 1311331333131
3311333, 3 333 331333 3133113, 3113 1333313113 3131131 131·
cire, 33 131 333 313133313 3111113313313311331131331131113·
13113, 31313 che persuaderete 133113 3333; perone 3111 33311333
31113313 11 discorso, 311313 1313 1331331 31 131333, dicendo: Ε
13313 che i 3331 11311331 113133311, adunque gii 1131333 31-
13131313, adunque bisogna 311311 dirimente getii odore, adun·
1133 bisogno 311 3’ 313 331333, 33131111 33131 3113 333 3333 33-
1331 333 1331333 313131 adunque se 11 1131333131 331333,
3131133111 33111 331333 11 311133313, 3 331111 311133313 331133-
313 mediante i 3311, 3 33111 3311113 3331333313; chi sentisse,
11133, questa grndazione, 33113 113313 3333 11 3133 33111 3131-
tali, 31313 3113 31 sentirebbc 111313 133113 3111 31 111313 che 31
31331313 13333333 3113 1311313111333133. Nemi 1131313313
11 33133113 3331 3313 3 31113 311 131331331331131 persuadere,

Ο

 

