1 10001100 nesse 00101103. 317

(Peg. 137) 111 01110 10 1113111111 11311 [osse 33.
' 11 5111101001110 non mi 1011031313 11013111 infiniti 001111
ensi piccioli, 3113 000 e 110111111131011311113 0003 000; 110311

1000, 1.1.,1·10101101 11301 111 10113 0113 1010111113οο ineque,
1100111 dei 301011 1101111011, 00. 013 10 111 1110001131031111101-
1301103 possono essere cento 10113 1010011, 0 peni 13010 piri
invisibiii 3 0003000. Ε 13 e'non si 1311000 1030113 3113
1· 331103 ὲ fluida, 11031 0311000 11010013,511.(101010110,310-
101111 vedere 1010011113013 111 1303 11030110 e congelata? 10113
1111001300 103111011110110 11 (1111333300, 11 0113 s' 31111100 3
vedere come 13 110113131000 13000 0111000 0111311133οῑ1,
00103131113110013 01 1001113113000 111113110 prima 311300311;
ese 1’ 3113333103010 000 potesse stare 13013 13 continuit&
113110 parti, veramente 31 piri 3110101 11013110111131101111133-
310 131311110 311’3’ 10110 30011000; 013 101330011001111111011000
1103110 3111033103010 03113 113111331131131 1111311010, 0001311313
101 30100 per 0033113113 00013103013 11310113 (1110011313
1131113013 (1311331103 000 11300 31113013013 0001100310, 1100 11
131130110 10 1010 131113113 di unione per 00 3301010111100011100
1111100113 1131 1111300101103 10000 111101 0110 10 1131110013 dei
1111303101011310 continue, ne 300113 3110 11 1030311310 piri 0110
11030110 3130010 acqua, 000 ei mercando 010110111 1311311310
001110113103010 311300313 13013 13 300110011100301101101101
313110 3011011111 111 13110101 minimi (131130110311111300311,111· ,
101 3110 101 1031113113 quei 10010 0110 11 1011313 03113101013111
110 penno 31 101οο0 31100001 103 11110103 0113101 (131001111313
prima 11001 13110 00003110 ohe 1301103 11 11310011 10 3113 0 10
vapori, 3110 11300 31113 3013 0113 11113113 301103.
. (111) Se 10301101111101011311111 ee.

L' 3111103, 0113 si 111 3113 101013110 113111 11310131011, ὁ 1310
ohe tiene 31130331313 101103113, 103 000 11 1100011010 101 00100
(10311011 1011010101110 pregiudizio? perche 11031 131011301103,
0113 10113 113 1’ 000 3 131110 carattere, ὁ 311330310 300 301-
herine, ne 1131ὸ ὲ 000 1010 3001100310, 103300111001013010010,
11 3110001113 113010 3113 10 031013 11 dir 31110 3113333103010
3110 1103110 110113 30011001111 3 1310 1101011313 1103110 110113
parti (1311301103 1131111010,οἰ01 contiguitri: 3 000 questa

 

