rt 11111110 11111111 1 1111111111.

1111111110111111111, 111 amandae 111 01111 considerata

. 111110 negorio, 1110111111 111 11 1111111, anzi 111 1111111111

1 11111111 vera, 11111111 1 primaria 1111011111 11111111·
1111 1 1111111 11 101110, 11111 11111111 1 1111111110 111111
gravit& 1111111111 verso 11 11111111 111 quella 1111 corporea
111 11 1111111111111111 1111111 11 1111 111 1111111111 1101-
11 1101111111 111 1011111 111 11111111, 11111111101111111
1111111111 1111 101110, 11 sopra 11 11 11 1111111111111 111
111111 grossa 1111111111,11111 1 galla, 111111011111111111
111 11 111111 acqua 111 1111111111 101111111 1111111111
1111111111, 11 1111; 1011 11 1111111111 1111111111 sua na·
111111111111 1111111111, 1 1111 (1111111111 11 1011111111110

111111111 111 11111 11 acqua, 1111 111111 sopra 1 11111
congiunta 11111 11010 111111, 11 quala insieme 1011111111
11111 111111111011,1 111 111 tanta 111 1111111110 11111111
11111111 111 grava 111 11111 acqua 111011, quanta 111 1111
· 111 111111111 1 11111111 sotto 11 111111111111111111111111111-
’ 1111111, 11111111111111111111101111, 11 11 1111111111
111 11111 1111011111 111 1111111111 110111111111, 0111

1, 111111111 corporee 11111111 in ispania 111 1111111
11111111 11 fondo.

01111 111 11111111 111 1111111 di 111111 grossa 111
1111111 11 dito, 1 1111111 palmo 111111111110,1 tentasse
111 1111111111111 11111111 1111111 1111111111, 1111111111
ogni 111111, 111111 qnando 11 11111110111111111111111101111
1111 11 1111111111111111 degli arginetti 11111 acqua, si ricopri·
111111 11111111111111 11 11 1111111111111 111111111-
1111111111110 11 11111111111111111111 intorno 1111111111111
11011111,11111111111111 10 1111111110 (1111111111 sopra 1111
1111111, 11111111 1101111 11 11111111 11110 111 1111110 di 1111
1011111111111111111111, 111 1111111 quanto 11 detta 1111111,
111111111 11111 1111111111 11 111101111111 1111, 1111111-
111111011111111 11 111111 111111111111111111 1111110 1111 111
111111 1111111, 111 1110111 si sarabbe 1111111 11 1110 101
111110 111 111111. 111 11 11 111111111111 1111 11011111111111,
111 1111111111 1111111111 11111111111111 111 1111011111 tanta
aria 111 potesse 11111111111 11111,1’11111111111111111111

 

