1 1111111111111 1111111. 381

1111111111 11111111, 11111111 momenti, 1 divisioni 111111,
111 che 1111111 1 scrivere 111111 11111111,1ι11111111111111
11111111111 111 811. (111111ο; 11111111111 111 1111111 ar·
111111,1111111111111111 questi 1111 111111111 11111 1 111-
1111111111111111111111, 1111111 1111111, 11111111 111 111-
, 1111111111 buon sapore 11111111, non 11111 1 ruminare 11
11111111 11 111 1111111111.
(1111111) Non 11 i mni 111111, 1111111111111 11.
1111111 1111 11 111111111111111 Sig. (11111111 11 11111
11111111, 1111111 1111111111 1111111111 1111111111 11111111-
111111ῑί 11111111111111111111111111111 11 11111 11 111-
11111 pini 11111 1111111111, 111111111111111111111 11 111111
i 1111111111 111 11 111111111111, 11 seguini in 11111111111
1111 11 ne 11111 1111* 11111 1111 accidentali, 1 nine 111111 11
11111 111 i' 1111111111, 11111 quali non 11 1111111111111111
11111111 11111111111111 811. 1111111111 1111111111111 11-
111111 quistione 111 1111111111 che 11 1111111111 111 11111111
111111111111111, 11811. 1111111111 11 111 1111 11111111111
11111111111111111111 accidentali 0 poi 1111, quando queste
111 1111111111, niverni 1111 1111111111, 1111 1111111111111,1
111 1111111111111, 1111111111 come 1111111 saido 1111111111
11111111 1111 11111 grande 11 11111 111 1111111111111111-
1111111111 111 11111111111,11111111 1111111 811. 11111111,
1111111 111 111 111111111111111111111111111 1111111 11111111
11111111. ,
(111) Ε 11 bene 1 11111111 11 leva 1111111111.
veramente, 811111 Columbo, questa vostra prima 11111-
11111111111111111,1111 11111 quasi 111111 daila vostra3
1111111111111111111111111 1111111 1 111 111111 111111
111111 11111111 11 11111111111111111 di 11111111 o 111 111-
11111 1111111111, 11111111 1 111 1111111111 1 111, 111111-
1111 111111111111 1111111 11111ο,1111 1111111111 1111111
1111111111 11 11111, 11111111111 ligura dilatata 111111111; 1
1111 1111111111 811. (1111111 111 1111111111111111 1111111111
1111 11 11111111 1’ 1111, 1111111 questa, 1111111111111,1111
11111111, 1 11 11111 11111111 11111111 111 1111111111111111
1111111111111111 11111111,1 111 i 111 quami 1111 11

 

