324 11110111

11811. (1111110101 111 mai 11111111111111 0 10111111 vn·
110 11111111, 11111110 111 811101 1101010111 11 1110101111
1 11 pure egli 11111 1111111101110111111111111111110,
1011111 1 111 1 essere 11 primo 1 comperire con 111 proven

11111111111 11 1111111111, 11111110 1111011, 101111 inre 111·
11110111110 11 811111 Golombo 111 poco 11111101111101011
111111111111111111011111110 11 811101 (1111110 11 conclusione
11111 111001111111111111 parii deii'acqnn‚ 1111111111811111·
1111110 1111111011 111111101111111111, 10 1111101111 11011 che
11 811. 1111111011 11111111111 (11111111 11 proprio termine)
1111111 argumentante, 100 11111101111111 1111111 101111·
sioni 101111011111 mni: 1110111 111111, come 11111111,
11 811. 1111011110 1 11011111 1111011 101110 11 11111, 1101
0111111111 11110111111 chi 111101111111. Μ1 101111111111
11111111, 1111 11 811001110101111011101111111111 101 11 poter
111111 11111111111011111111,11111111111111111 11 11111111 11
1101011011101011 1111111 111011ς 1 11111111 1 inconveniente
111 11111 11 110101 mezzo 1111111011 1111101111111111111111
11111111, perche non 1111111111 101 11111111111 101111 pro·
11111 11111111111 1111111101 111111 811. 1101111111 101111
1011111111111111111111 1011111111, 1111111 11111111111 11
11111111 11110111 1111 1111 1110111111111 non 111 11111 11111
11 11011 (come e'suppone 111 1111. 111111 11111 101 11111
continua, 111111111111111111111111111 11 11111 i, 11 1101111111
11111110110111111111111 111111111 che 111111111; 11111111
molto 11111 11 ,1111 1111111111 11 11010111111011 11111111111
1111110111, poiche 11111 11 comprime 1 10111011 11111001
1101110111, 1111111 101 11110101 11111 111111111ὓί pii,
11 11111111111111111811111 10101100 11 101111, 1101110 che
11 11111111 101 11111 111111111111 11 carcine ii 110111 111
11101011 11110111111,1111 1111111 1’ 0111 1111 11 811. 1101011110
111111 1111 1011101011 non 1 111011111111,11111111111111111
1111111 110101101 11111 10111 compone 1111110 di 11111
11111111 101110111111111 11101111111110101 1111 11111111 os·
11111111111111011111111111111111, ch' 11 nominc nei 110
11111110, 11 11111 11111110101101111111111111111 1111111011
1011111111 insieme 11 1110111111 1011011 1111111111110111110

 

