to 333333331333333 ( 3333333333.

113333. 11133 133333 3133 13 133333 3333113 ohe 1333331313·
3313113 d· ebeno 331133333, 13113 qual 13333 e solamente 31-
13113 nt (1331333313 131 33313, secondo 11 (33313 311311333313
3113 1331333313 3133 13 33113. 1113331 pertento 311133331331311-
333333313, 13 3333 3 3313 3331333 131133133 1’ ebeno 31 13313
esser 1’ 3333333 13113333 3333111 sopra ln 3333111 1311 aequm
13113 333331333 3 minor 1331111, questa 13333 3113 133333
333113 pin 33333113; ma 131 133333331333 33113 333333 333-
31333 11331 3133 33 313 3331333 13 qualite 13113 figurent 333-
3131 133331331 13 1331111 (33331333, secondo 3133 pin 31 111313
13 13333, 333 (13331 immensa ditatnzione 3 331 333 possa
13333331 immensa 1331111 3133331333, 33333 3113331 3113 331-
111111 33313, 31 perone 13 13333 33313113133113333333313333
313113131 13113 quiete, 311 333 13 3331331333 3133 33333 333133
1313313.

13333 voglio 133333 333113333313331331313 333 33113
3333313333, 3, 33 13 333 33’ 1333333, 33331333313 concludente,
come l’ 131331331333 1311333313333 11 figura, 3 13113 resi·
313333 1311 acqua 311’ 33333 113133, 333 1333333133 133 33113
3311 3113113 131 1133331333 o 333331333, 3 13333331 331133333.
Eleggasi 33 13333 0 31133 (3313313, 13113 quotenne 33113 33333
(131 13313 131133333 3113 superficie 3113 tentamento 3133 333
33 31 13313 333 33113 1’ ebeno 13113 313333 333313333, 31 3133
manifesto 313 311313 palla 1 ebeno 3131 proutamente 113113
l‘ nequa 11333313313,31ι31’31133 3333313313, 3 313 131 33313,
313, 333 33333313, 11 13333 11 333313331331113313333133113
11 noce simile 31333313 3 quella 1313333 (13311 333333331,
13 33313 33313 3 331133 3 33 e 3333 3133 3113 ci resti, me·
113313 13 113333 impotente, per 13 333 1333133333, 3 13313313
333331313131133333, 131133 11 noce, senza dubhio 313333,
posta 33113313, 31 dovre 3331333, come 333333 3113, per 13
1331331133 impedimento di 13333, 3 11311333 13 stesso resi·
313333 131133333. 11333 331 1333333333, 3 333 3333313333 ve·
dromo, 3133 333 solamente 13 1333313113, 133 3333133333 31133
13333131 (331331333 3333 33331 3 33113, 31 come 1313111313-
,333313 33133333 3 1333313333, 11 333313 3333133 311 333333331
1’ attribuite 11 333333331333 1311 31333 3113 13333 13113331-

 

