33333333 (1333313 1 3133333331. 111

3, 333 13 (13131313331131 13333 del 3333331333 1313131113, 33333
133313 13333313 33333 3133331313 (13113 3333311313 (13133333
331113313ς adunque 311333 3333333 13 (133 113333 3311313333,
33331313 3333311313 (1311333333 13 31133333313 3133331313
1333333313 311 311333331 3313313333 13 1313131133 (1’ 31333 333
(1333313313 31 13313, 33313 3333333 3311133333 333 33333
133333, (1313(13 certo impedimento (313 3111 313333 31 (11-
31133331) 31133313, 33313 33313 3133331313 (1311333333 33313
(13113313, 13 3331 3333 (1 contraria al nostro 3331313313, 3133
13, 313 133331 (131133333333 3311331333, 3 333 33313 13
333333 33313 13 3313.

1131331 13 3113331 3333113313 (1311333333 31313 13 331-
311333 3331133333 13313 31333 13 3333 313 (1311333 andare 31
fondo, quanto 31333 1333113313 (131 fondo (1311333 ascendere
3 33113, 3 311 333 (13(13ι 313 13 3333 33313 33113313 (13113333
33333 3133331313 (1311333331

1131131 33333333, 31313 131313113 (131333 3 13 33113, 33-
313 313 31333 (133133 133333, vanno 33333133 13 fondo. ma
13 33113 3113 veloce e 13 131313113 3113 lenta: e 3113 3 3113
13313 secondo 313 3113 3331 3113 13333 3 3311113, 3 (11 1313
13311113 ne (1 1333333313 3331333 133313333113113 figura: ma
queste 1331313113, 313 1331333313 (1133331333, 333 333113 313333,
313,333313133333133313 sopra 133333, 33113331333; adunque
33 13333 vero quello 313 3113333333 311 331333331, 13 3331331333
1333313 numero 3333113 3331333 33113 313333 acqua in nu·
33333 333 (11 331313 3 333 (11 1331111 (11 33313, 11 3133 1 impos·
311113, 3333131 3331 113333· 33311331333, 313 discendo 31 fondo,
13333333313 313 31113 333 determinata 1331111 333 3333313
’ 3 33133313, secondo la 33313 3113 31 (33313, 31 313 ogni 133·
(11113333133333313333 sia impropria 3113 3333313333 33
dunque 333133313113, v. 3., (1133 331333 quadro, discendo
331333133313 333 331 gradi di 1331113, 11333331111331333113 ¹
discenda 333 (11331 3333 venti, 33 33313133 nuovo impedimento
non 3313 333333. 113113 meno dunque 3313131133, 333 3331333
(13113 (33133113313333,331313331, 3 (131 13113 3331333 impedita
31 33333331, 313 1133333 3113 3331331333 13113 3113 31 ferma,

31133 impedimento 13 3333333333 313 13 13331331313113

 

