3 1113313331 333313. 571

33113 3113 3331 3331 manco 313 3 11333331133311 sono 3111
11333313 13 33311 311 33113 13 33313333 333113 di 33333, 313 13-
11333313 333113 di sopra in 3331333 31113333 311131331331, 33113
13313 31133333113 3311113333 311 31313313313 31113 3113 3
(11333331 11311 113313 313 11 513333 (133313 31 313 ridolto 13
mente oon 333313 131133 31 33313333 333 31333 3113333113 3
presa 333 333 mano 3311331333111, 333313 poca forza 31
133113 3 33333313 quando si 11333 333113 3 perpendiculo, e
313333 3313313 1313331333, 333 333333333313 de· princip] 3133·
333131, 13 ragione di 1313 3113113, 313 concurso 3 31311333 313
3113113333 dallo 333311131313 3331331333313 113113 33311,
3333133 13313 1 313113, 13 quali 33111 3333133313333331333
33333 131133 1333133 3113 3113333 ma 33 3311 313333 33313113
333331333131331313313311333313 33333 331 313333,3 333
33113 33313, 3333 333313333113,3 non 311, 3311313 33113 113-
33313 13 33311 133 di 1333333 1313333 (111333333313 3131133-
dola 331 mezzo 313 3311* 3313331111, 333 31 3333113 13331313
3333331333 31 33313 13113313. L’ aver parimente 1311313 313
333 1331311 bruccato 313 31113 da 333 31 333313 ὁ 33313.
313 331 33313113 3133113, 113 33333333 33331313 che nuova
3331 manco per quello 333331131313 sustentamento di 33311;
333 333 333333333113, 333 33333133311113113113.33331133 313
311313333 13331133331331333113 3333313 333 13113 33333-

11313 13 313113 33113 11133313, 3 331113333113313131331131333, -

313 3131333331 1331331 13313 333333 13 33 modo quanto
33111 311333 3113313313 11 8131133113, 313 33 1313333 33331133
3131313313133331333113,3313113 mollo 33ῃ13 333 131,
3333111 1331333113, 333133 31 33313113, 13133131333113 33331
311 13331333 313 3333313333 nuova.

segue 11 513. 1133313 3311131333313333 3331133 3333313333
333 3131313331 (131333313113 3333313, 3 dice: 113 mi 333113 13,
313 33 333 31 3333113333 in 33 1333333131 313113 13333, 3 31 [3-
33333 1311333133 33333 33311 3 33311313333133111 1133333, 31 3113
3113 11333333 33333331 33333 di 131, 31 33313 3113 3331133113 oran*
3113313313 peso: 13 quat 3333 3333111133313 apparisce 113113 33333333
1131133333, 13 33311 333313 3131 333 31333, 13313311311331331111
di 3333 3313333 33333 31 313133 113113 333133333331311“33333333·

O.

 

