031 err. 011113111311 vennone 623

(11 11303. 30133013101111 1130110 11 1310 (1131113113 303 000011011011130301·
1101. 1111( 331311 1031301133 13 33003, 0 30 1331131330 31 103110.

11331310310 1 (1030111 grossi un terzo di 11303 303 1011010 331103-
31310 31033 17, oecon 7, 30 003 3 11303 (11 (11331011ος 0 33130010·
30111 3 33113, 0331311110 11113133 11 diametro 313033 di 1111011300.

113 1311 03301101100 sembra (1010131 inferire: 1.” Che 13 301113113003
0 003 1331310103 dei deschi 11 13 3311033131ος 25³ A sosienere i (10-
30111, 31110 103311111110 (10113 31311111, 00303110 131113 0331030 (13113 003-
31310313 (10113 3011101113 1101130333, 13 33310 303 puri cedere 3111310130
30303 3313301 13011, 3133110113 31331 1311 dei 001130, 13 33111 110133,
31 0113 queste 103131030 33113 1013 03031030 superficiale: quindi i 310·
0011 11030111 310133113313 30003 30131111310313 31330 (11 oio 0110113301-
101011110133311111110(1011331311111ς 31 Ne 330110 111330111 311( 311131 0 3111
30311311 3333030 11303310 331130333, 30 303 13 333313 0110 13 caesione
3330111013Ιο 30311333 311 313130111 1313133 3113 ponza: 30303111 1310 000-
31030 103311111113 (11 3131113 1133 3311 030131131313333 301030 3 131 331-
10331310111030111. 03110, 003333110ᾶί 3330111, 1313130110 333 10330, 0
131331133 33331 3111 310313 310013113 31 133113. ·

1103 ebbe adunque 11 1313101131 13113 11 13113, 3333113 3113 1130
110110 330 Considerazioni 331 discorso (11 11311100 disse: Si 3030110003·
01311010 aserere (101 6311100 0110311· 3113110311, cire, e 13 resistente 110113
3331301101 130003, secondo 10313103011 3110111, 0 13 1033010103 (10110113
113113, recondo 1ορ131330 del Goiilei, [301013 3311330310 0331330 (101 331-
103313νο 10 0300 31311 03313 130333. Ε 10, 0110 3133 13 paee, 310110 301011-
11011· 0031031101 13 330013 mezzo 10113130, se 10 33111 si 0031031310013 (10113
131111 dello 01113113.

Bon 1 1013 obe Galiieo 301 333 Discursu non 33110 3131 (11300313
00031030 superficiale (1011’30333; 313 30 30 3111110 301, 0 scrivendo 31-
0331 13031 dopo 31 813. 1100001131 (1), 3311110110 0110 311 313130111 (10113
buon 31 3331033333 301 330113 313333 nogione, pereni sopra 33333301-
11013 33013113 31 (3331033033 eminenti 330113101130333 13 sigeradi
33101030 (11 31313; 1310 3 dire, 3010110 10 3311111310 1111111310 1101130333
103131330 3 303313131 0 313003131 1333 33113 13101333310 1131131113,
30311030 301 3133 103113310 13001333 3113311310 permutando 1331311101

1313 10003130311.

111113. 107 (111 310003101013130.

Fere 031. Vonone 1111.

 

