316 31333333

3 1333331 13 3333 133 13131313 313333, 313333 333 qualche 33-
3133 proposito 331 33331311313333311 33333 33 3333333313-
siderio di 331331 13 3333 33113 333 13 umido, 3113333333313 3133
31133 brema esser 333313 3 333113 333 13 quale Paride 13333 33-
3331331’33333,3 quella 3113333313, 3 333 131 3311333313 31
333313333; 3 1133313 3133 333 33131 133113313 133333 313·
1333 3133 3 3333333331 333133 3 331333, come 31 3313 33331-
13313 11 11333113, 3 33 333333 3333 33 13333 33113 33313
3311331333, 3133 13 133333- tempo 31 3313 13333313 333 333313

, 333313 sopra 11 1133113 11 3333 33333ς 1313133 veramente 31

331 3131131331313133133331 331 determinare 3333113113 133
333131331 313 3113 3333, eine 3133 11 33333 333311333 1333113 3
quello 3311333313 31133333, 3 3333 33 1313133331333 3 1313333.
13 31133 31131313 31131133 333 31 33133311 13331333 11 1133
3133 13 figure 13333 e 33333 131 3313331333, ma bisogna 3133 311
31131331313 3113 113333 13333 3 33113; 3 3333131 11 311331333313
131 moto 1133313 13113 113333 13333 33333 13133333 113311111,
311 31 13 333113313 13 3331333 13113 13311131 3 13 3331333
13113 quiete dipendere 13 princip] 111333311331331, 1113133333
3333313 333131313 331331313333111 13331331. 033 passando
3131 333311, 13311333313, 31333131 333 formare 13 13113 3131
33333 1311331333 333 13331313 3313 331313333 13113 113333 se
333 33 311 3331333313 31331113 333333,131331131131133131333
depende egli 13113 13113 3133111 3313, 13113 13113 (1333313333
· 3313, 33333 3331313113 figura 3 33313 13113313311131 Se 13113
13113 113333 13333, 3 3333333113 131331333131331331113333131
1313 3113113 1333333 13 13113 13333313 333333, 11 3133 333313
33333 13133; 33 13113 13113 3133111, 333313 333333 e 31313 11
1313131113, 3 11 31131, 11 nominare 13 1133333 133333 13 31331111
333331313113 113333 13333 3 33333 13113 3133111, 31313 13 313-
13113311 133 331333 33333313333313 quello 3133 33333 13113333
13333 333 33313 333 33333 13 3133111, come serebbe, per 33333·
313, 3133 33’ 33313 11 31333133. 331313333 1113131313 333 131133
33 331333 quadro 333 331133313 33333 13 3133111, 3311 33311
33113331 33333 1313 31313, 113133313 133, 13 3331133313311331
331331 1’ 3333133333 11 3133 33313 333 133313 33133 3131333331. 1113
13333 333 133333113 13313 13 331333 3 331 1311313 113333 331-

 

