1 10001110 00110 00101103. 299

‘ 001103113100110 (1110101113, 000 3000003010 31113 0301000 10113
0111010 1011013110 011313 131011331310113 1100130οο 13 1001-
111011οο 10110 03111 0011000010011, (13111113 0131010 0110 13 10110
000 1000301000010 mai, poiche 13 ligura dilatala non 001 (1131
000 3131 (00110 03111 0011000013, 0 0113 egli 10000010 luogo
013 01310 1110100110, 1100 3000003010 31110 11 00010 03103003
13113 quiete. E 1013010010 000 1110111110 che voi dentre 31-
13011110 100110 31310 0000001310 11 (0300303010, 0010111 11
01310100300310131113013110, (03 000 131313 1011110 000130-
0313; 013 0010111 1300 e ogni 10011031000101010 11 10313 i
1003131110,001111100110100131110 e 01310 1031110303. 1101
dunque, seguilando 1010110010 luogo 1031301010 11 101310110-
01110033101111113003 3113 figura 3 3113 mollitudine delle
03111 (13 111113101, 01 0110 ne 00003 030011 13 001013 00113 00-
00111013 (1011 30003, 13 0031000 01 00113110 (1131001100 0301001
01013113 00113 03111 0111 basse, 01010 301310 considerandoque!
0003 11313 131010113 001100313 10 superficie 0111 11 033110 0113
113 003010 e 1011313; 311330111 13 1111310033 11 000011 100
0301 013 01113110011113103010 000113 011011300031131311 510113-
11100, 101 0001110000 031111 0111 010010 003101100113 0001111·
13033, che quello 0113 13 101 1100 10110, 31313 010110 ,301113-
0100100003113101300103113 galleggiante 3101 0311313113 003
superlicio 30010113, 0 vi 01013 3001000 3 033013 0100111, 1100010
elle 003013, 300000300313000131310110113 10113 110013010-
duce il galleggiare3 0 0113 01 00103 01 100 001003131313013-
11110131300013313101 mobile 000 000113 101 mezzo per
sapere 00 00 0011110 10000010110 00000101 10100 001003131
10 lerze 101 1111130103101 divisibile, come 13 figura 13113
13113000 13 013001ιί0 3 0001100111 1311300113, 03000 13 010·
3111113113 (110130110313113,3 cui repugna 10011111111311300113;
ma io m' 3003110, 0110 1000 0113 11 03111 (00011310 011013010-
cili 000 113 che 131 111001010 000010 0300, 1100111310 311003-
citi 10113 13113 0001113111113 13113 00100100113131130003, 0
3113 11113103 000113113 3113 liquidezza; 0 10100 000 031011110
manco 3 0100001101311011013 03013033 1311011300 000113113 ’
3113 0111310313 1011301103. Μ3 101103010011 31033010 00013
0110013 01001111, 011013 11 1100, 0110 000031010110110 000 1’ 3113

 

