01 1000110000110 00101100. 100

0101 (100000, 0 01000010 (11 01010 00001000, 010 0010111 01 101010. Lo
0101001101 000000 0010011110, 00010111 0 1110000010, memori di 010100
0011011101οω 01110001011 0011100011. Adeoque 00110111011001000 000 (11-
10000011110001011, 0 001110111001100010 000 01 1000 010 01010. Non
1111001010000 011 (11000010 argomento 0011000000010, 0000010110ιο
01000 0001001000 1 eoquo 000 quei 00100 1000000 1010 0110110 00000100-
1100010110, 0 001 0000000 0011000011 11110 01000100 10000 nogione.
10100101000001001010000 01110 10 01011100010010, 0100 000000 1001· ’
01101100 (1011010010 0100001000100 di quella produeeooe 1010111011100010
10000101000 0111111 0100οἰ010 10 1000010, 00100 1110100ίο 00011011001·
momente 0001100110. Cosa 000 11010 0111 (110100110101101 100110, 000010
00110 100110 1000Ιο101100 100000, 10000110 10 compositione, 00000
1000111 (110101110 10 0101110011 1000010100 (1000101, 01100010 00001
0010010010 010000 (10110 mole, 001110 1011010 00001011001000 000110 11
1100001111οο 001 10000 0100 (1100111 0 00111 000011 01000 (11111. Pion·
01011 01100000 0001000010, 11 100110 (1110110 00001 111110 (11 101, 0 000 01
1101 00110 010000 Archimede, 1100111000 1001111 000010 (10 001 01
10010 00001110 (11 101.

8001110, 810. (1011101, 00 0010100111 1010111100011 00110010011·
100011000, 0 impossibiie 000 000 0110000000 00000 10110 0011001010
00110110, 11 000 0010000110001 0 inim, 001000 000 001100011, 010 0011
01101100. Lo 1101000 001000 01100001000000001010101011000 00-
01000000 1000010100, 01 001110 100000 0010001010 011100010 00100001
0111 10001010 (1011100111, 00100 111010110, 0001 10110 0010001010 00100001
010 1000101 (10110110, 001110 101010110, (10110000 00000110 101 00110001010.
110 001000 10 01 fondo, 0 falsissimo 000 11 00110010 011 0101000101
1101100001 001 01001 (11 renotatione. 01001000 10 10110 11 fondo, mi
(1010000010Ιο 101, 00001100 0010001010, 0 ii 001000100011110000101
011101 1110000110, 001000 10110 0 (11 011010 11010 00100 0 00100, 000
000000 001001100101011010110000 (1011000111 0011111 01110110 001 00100-
010 (1011101010, 0(1 ogni modo 000 meno 000 000110 (10110110 000 00110·
01010, 0 000 000 11010000 0001100 110οΙ10 (11 100001011 0010001010 o
01110, 001000 11 000 0010001010 rimone moiio 010 00100 0 010110 0111 100-
01010. 01110000 001 000 00001 010110 (1010, 10110 0111111011 00001100
1010 10 011000 0 1010110111 00010 100οο1001, 0 0001 000 11010000-
1101001110 110011 001010 01 1000010110 0010001010, 00100 0111 010000 0

0111 101100, 11 000 non 00001110001 001 00100010, essendo 01 (1010.
L' argomento adunque 01 1110100 000110 di 101 0001. li 00100010

000 0 neone 1011110110 00 001010 0111 10001011, 001000 oo 10000 1010, 01

00010 100000 0010001010 0011001001 011100010, cosi 10110 0010001010

 

