111 01000000 1000000000

0110000010 si 1000 10 01001101 0 0010 01 100110 00000 01010000010110000,
001 01100, 10 0100001000 prima 0001 0110 0100001010 001, 00 1100 001
male 010 11000 0100001100 0100 0110 000 i> 0111 00’ 00010οΙ10 (1011000,
100 00 00000οο1010οᾳηο 0 (1’011000; 0 1100000 01 (100 prender 0010·
01100 000 10 0001111 010 011 110 (1010 10 001000, 0 000 011000010. Se·
000010, (1101000 00100000 0010 100010110 0000000 0110010000 10 010111
10001000000100 101100, 0110000010, 00001101000110 10000 aequa 00110
00001υο01000, 0000 10000, 11 00010 i (1000 0 000 1100011110, 1000000
00000 0 000 umido, (100(10 deve nascere 10000001000 00010 (10 0001111
contrarie. 10000, (11011 0110 10 0000011010 (101 10000 1100 000 000000 00110
000 sendo in 0110 0000001οτ 0 0001 11100010 00 0110 10 010111, 0110 00001
01010100 0110110, 000 00000. 10 0110 0000010010 00001110 10 0000011010 (101-
100000, 00110 quale 10000 11000010 10 1000101100 000 10 0000011010 (101-
101000. 11100000 10 110000 i 00000 (11 100 001100010010101010 (1011000,
0 00000 principale 1001000011001011, 011 110000οΙ0 000 0100110, 01000-
000 00 000110 11 1000010. 11000110 0 (1100011 0000, 000110 01 10110000, 00·
sendo pii 00000 (1011000000, 0110 1001 10 0011100 10000000 00110101100
0110 0110001001 0110 0110 00000000010, 00000 0 0110 01 (1000 00000 00
000 0 000 00110. 11101000 000101, 00010 0000 (10110, 10 0111000, 0110 10 fl·
0000, 1001110 0 (1101(100100000, 0000110 100000 0 00011000 0 0100000, ,

00110001. E 000 0 0000 0110100000 010 000010 001 10010 0100000011010,
00010 001 01 (1100.

110 0000110 01 011000010, 510. (1011101, 010100110100 100010 0 1101000,
00000 0110 001010 100 00000 (11 quei 000100 0001101110, 0110 i 0010 00010
00 (101 001Ιο001000, 000 0111 01010 1000001110, 0 000000 00 10000110010010
0 0011000001 10 0110, 0110 00011 101101110110 0110010, 0010010 0110 0110
0111110 1000111 (11 rendere i 00001 0 001 01 0000010 0111 10001001 10 1000·
0100110 000 0000 000 0010001000, 0 0110 questa 010 10 0001000 0110
1000100110 (1011000 00110001, 011100οᾱ0 011010010010001100010 00000·
100 000111 000100111 1101100000 0110 01 100 (11010000 10100010110.

101000000110, 0 010 10010 1001010οο00 011 000100111, 0 010 0110 01100
0000 01000110, 1001000 ad Arisioiile 0 0011 000000001 000101, 0110 000
010 10100 11 (1011010οο, 010 11 000100, 0100011010110000000 10111110 0110
1000. 1001 01 00000 0110 10110 101100 0001001 accidentali della 0010100
001100010000010 (10110 (alda 10000 0 (1101000 abbiano 0001000 (10110 110000,
come principale 100 10 (10110 0001001. 000010 000 000 00000110 0000110
Ι 100010 10 110000 000 0000000 0111 011 000100111 00 10010 001010 0110110,
come 01011000 di sopra. Peri 000010011101010 a'vosiri 0000000οἰ 010 100100
10010 (10110 000001101001100000, 0110 100010 001000 01100001000100110, 10
ι (10010010 0000 010010, 0000110 01 10001110 000010110100110000111100100011

 

