1 3131331331 carna. 1113

meglio filosofi quello che (1133113333113 311 31313331113313333
di 1313333 31333, 3 3333333313 3113 13111 3333313133 31333113·
simo 333133, 3 31313133 113 331333 1313 133113311333 (3133 331 3
31313 nominata gravilia), la quale, perche non 313 13111333313,
la 3133 1 3111 potenti 313 3’31313333333; 3 1333131 1313113113-
clinatione 33333 13 3133331313313,33333313133113133 113113 con-
corde 3333133313333 formare 333 31333 1313133 131333331333.
Ed 3113333333313, 3133 3333 13 questo 13333 produce 11 813333
[133313, 333 conformare 3133 111 necessita il molo 33333 13 311-
333133331311313133 essere naturale 111 qualche corpo, dicendo
che se cio 333 13333, 131 13331313313 333313133 13331 31331333
113331 3333333133313, 333 3313311311 31313 333333331 111 131
13331333,11 3133 3133133113 egli per grande 33333113, 3333333
333 ammiracione scrivendo: 1113313· 11133113313133131 3113 33
3131313333 3331333 antaradon 3133113, 33 333 1333333333113
[3331333313331133333333113111 3333331111 1333331313 prima
cla iaccidealole. 311 11 33133313 1131 333 3311133131 3 1313 3333-

333313, 11133, 31 313333331313133 33333113 3133 quel 13313, che 3
1333113 331333 111 33 13313113, 11313133 3333333313133313 33333 33-
33311313 331333 111 33 31113; 33111 313 33333133331313333 33313313
33133, 3.3., 11 desiderio della propria (113133313333 una in·
3113331333 13 13331333 333133113 3113 331333 111 13111133331
33133311, 3133 333 3 33333113 13 331333 111 3333333. 1133331133
1 vacuo, non 3 3311 13 113113133 333133131133 13 33133 3333·
333313 3113 331333 111 13111 133331 33133311, 3133 113 3333333
133331131 Or 133313 33313 11 813. Grandae gli 31131 3133 333311
11 131 133333 13 131 33133 313331313, 3133 11 1333133 11333133
ria nn 13311333 3113 dissoluzione 331333331333133313 1131 33331
33133311,31133 133333331 311 ampliare 13 333313 333 31331113
1111333 331 33313, 3 3133 perd 3 33 13331133313 3313333113113
11113 13 331333. Ε quanto 311’3333313,3113 33 13313 333 33333
33333 33111331 333133 331333 111 33 mobile 33 3’ 333 3 se-
333113 13 331333 111 33 31133 (essendo di necessita l' essenzialc
331133 3133 1333111331313, 3 11 33133313 1131 333 33133313),333113
313311 333 331133 prolatore 31 3131313 333 133333133313 equi·
133313, 3 3133 333 3331333 conforme 31 3333, 33333333 11133
:lie nn 13313 333 333 111331 333133 3 331333 1133 13313113 33

 

