6118 ’ 1111 oo 1111111

1111111 11111 11111 1111 11111 11 osso 111111111 1111111 11 1111111
1111111111 111 fondo di uo vaso, mentre vion 1111111111111111 11111-
11111, 111111111111111111 11111 1111111111 questo 11111 111 11111
che 1111 1111111 1111111 11111 111 111111111111111111111111 11 corpo
(111111111111111111 11 fondo 11111 1111111111. 1111111111 oi 111111
11111111 1111111 1 111111111111 111 11 1111 111111 1111111111 (111 11-
1111111111. 1111111111 1111111111111 11111 111 fondo dol 1111, 1111
1111111 1111111111 1111 11 11111111111111 111111 1111 11111 sopra a 111-
pendiculo, ed 11111111 11111111 111 11 1111111111 111 1111.Ι Quando poi
11 profonda 11 bicchiero 11111 di 1111, 111111111111111111111 111 11
1111111 11111 11 1111111 (111111 cho 11111111111,11111111111111111
1111111111 11 11111 111111111 1111111111 111 1111111111, 111 11111111
1111111111 11111 11 1111111111 1111111111, 111 11111 1111 111111111 11
11111, Ι11111 11 111 luogo 11111111 1111111111 11111111 11111 11 11111
111111111111111111 11 1111. 8111111 11111111 11111, 111111 11111
11111111 11111 11 1111111 1111111111, 11 1111111111111111 111 11111111
d’ 1111, 11 11111 1111111 1111 1 11 111111111 11111111, 1111 11111111
111111111111111 1111111111, 1111111 11111111111111111 nolendo sino
1111 1111111111 (111 liquido, 111 111 1111111 111111 del 1111111111 111·
111111 111 1111111, 11111111 111 1111111 1 compassione 1111111111
1111111111. 11 111111 111111 1111111 11 11111111 11111111 111111111 111111-
11111 1111111111, 1111111 1111111111 11111 1111111111111 11111111
1111111111 chonon 1111111111 11111 quo! 11111111’11111.111111111111
111111111 intorno 1111 1111111 111 1111111111 proportionata, 1 1111111
11 11111 1111111 1111111111 11 1111111 11111111111111111111111111
diva 11 1111111111. Nou si 11111 percio 111111111, 1111111111 11111111·
1111111 111 111 corpo 11111 1111111111, 11111111 1111111111111111111
11 1111111 1 111111 1 11111. 11111111111111 1111111 Pisa, 1111111 11111
111, su 1111111111, 1111 11111 11 1111 11111 1111111, 1 conuento il vaso
11111 11111111111111111,111111111111111111 1111111111 11111 111·
11111 111 1111111111 1111 1111111 11 1111111111111111 111111 1111111111
111 11111111 111 fondo 111 1111111111 111111 ad 1111111111111,11111-
11111111111111111111, 11111111111111 11111111111111 1 111111 1
11111;11111111111111111 111111 11 11111 11111 11111, 1 quali 111 111111,
11111111 11111 11111 111111, mundun 11111 11111 11 1111 1111101111
1111111 111 1111111111 1111111111111 1111 1111111111 1111111, 1 1111111111
11111 corpo 1111 1111111 1111111111, 1111111111 11111 1’ 1111111111, 11
111 1’ 111 luogo 1111111111.

111. 113. Con 11 1111111111111 1 quello 1111111111 1111111111 111·
11111111 11111111 ohe 1111 1111111111 111111111111111 111111 1111
o 11 11111 1 1111111111 11111111 111 1111 1111111111 minor 1111111111 1

 

