181 11111111

degli 1111111,1111111111111111 cie si possa dir 111 Sim·
111111, 1111111111 che 11 11111111 111 111111111 11111111111111.
Poco 1111 1 111111 11111, 111111 11111 1111111111 111 1111111111
11111 11111, 111 inesse 11111111 sopra venticinque 1111111 di
acqua, si 1111 1111111 11111111 sopra 11111, 1111111111111111-
be grandissimo peso, 1111111111111 1111111 sopra 1111111111

1111111111111 basso, 1111111111111 questo 11111, 1111 che
11111111 111 111 luogo 111 11 natura di 111 111111111111111
1111111111 111111111 1 gran ragione 111 1111111 111111111111.
1111111 11111111 occasione di 111111111111111111 11 5111111111
111 abbia 111111 11 111111111111 Simplicio 1111111111111-
11111 1111111 111 11 1111111 1111 1111111111 11111111 1111111
111 11111, 1111111 egli 11111111111 1111111 1111111 1111111111
11 1111111 1111 Ι’ 11111, come 11111111111 11111 1111111111
buca 11 1111111,1 111 1111111111111111. 1111 111 11111-
11111111 peso 11111 111111. 1111111 111 11 111111 1111111111
11 quai similitudine 1 111111 11111111111111,11111111111111
1111111111 1 11111 111 muro 111 11 1111 11 1 apertissimo 11-
11111 11 11111111,1111 11111111 11111 11111 11111 11111 111
111111, 1111 11111 111111, 11 11 1111111 11 111111 1111111111
111 1111111111 111 11 11111 11 1111111 111111, 1111 1111111
1111111 1111111111 11 luogo. Α 11111 1111 11 111111111111118111·
plinio 11111111111, bisognerehbe 1111 1111111111 11111 111 monte
di sassi, 11 quali. 1111111111 egli, 11111111111111111111111 1111
11111111. 1111111 11111 1111. 221 egli scrive: 111 1 acqua
1111111111 11111 tempo 1 1111111111· 111 1111111111 111-

1111111 1111111111 pontino 11 11111 1111111111111111111111111
' 1111111111, 1111111111 1111 111111 111 di 1111 11111111 111111,
1111 111111 quei 111111 1111111111 dissat· 111111 mistura. 111
l poi pii 11111, 1111111111111111111111 luogo, 111111 1111151
quoio 111111, 1111 11111 11111 quomo 111 111111 passa por 11
1111111111 1111 1 [om 11111, queue 1111111111 111 111 111111-
111 111111111111111111 1111111111 qimi, 1111 111 111 poter
11111111 11 11111111 11111111, 111 1111111111111111111111
111111 111111111111111, 11 111111111111111111111111. 111111
dunque 1111 11 8111111111 qui 111111111111111111 11111 11-
11111111111111111111 1111111 1111 11 111 potor quelle parii·

 

