’ 270 31333331

11133 13313 313 1331331333313, 333313 333 11 813. 1131331113 311

133331333 331 33313313313 311 e’ ia 333313311111133331 33113 3331113
da 33 313333 33333113 3333· 3333333 313333313 33 313333, 3 33333
311311 8136311133 abbia mai 13311313 33 (11 131, 33 313331
33113 perri (133333, 3313333 impugnare 13 33113133 del signer
Galiieo, pigiiare 11 333 13311313, 3 331313 procurare d'inienderio‚
e. poi 313113331 311 13133333 Se 3313313313133313 erano 3333111
3111 3 parole 333331133113133331333333, 331333 per 33 prima
e poi per 311 331131 33311331331 (1133311311 111133 333 3333331113
per 131; poiche 33 11 nome 333, 33 13 33333311331, 33 311 3111,
331 333133333311 3333111 1331333 31 31 33313333333, 3 3113
pere 3311 333 33333 3333333131 rispondere‚ se 33313 quanto
13 termine di 3313333 3* 31 3331133 discordare da 333113331-
13133, 3 3113 333 313 31 1113331131 (11333331 331333 13313333133-
313313 sicurezza dei 3333; peri) si 33313 3333133313, 3 333
⁶ 31133, 333333 essere (13131 3113113313, 3331 questa parte 3313
3133 (13 me considerata 331 333 111133, 3333113 333 113 31133
1313331333 3113 31 33313333 13 33113133 331 813. 11311133 , pa-
333333113113 13 3331 33313 3333.
(Ρ33. 124) Vedete 3331 333 33333 1313133 opinione, 33.

13 3333 333 31 333 negare 3113 13 presente 33313333 331
5131131313113 333 313 verissima, 3133 3113 333313 313 3113131
-aiiatiea 1333133 333133333 11 13133, 13313 31333 3333333133311
333 1313313, 3331 13313 313 3 3111 3333113113313 333333313
eampo: e 11 presente luogo 311’33113333313 1333113313313313
31 mostra 13 33311331 131 semema, se 3333 31 33331333333
33113 persona 333 3333 331313333 11311133, 3333 3· 333 ha
313333133. 1133333113 333311 313331031331113 3113 333 31 1333333
33311313, 3331 3113 33 anche· 13333 13 33113 31 (13333 333·
siderare 313 3113 operi 13113313 eirca 1131133333 13 13333
13113333 31 materia per 333 331333 aseendente 3311’33333;
ma 13 verita (13113 3331113 33 33 313333 33333113 311 31333 3
333333133133311333,3 3331333333333313133313 e 333 333313
331331331313 3113311 11311 13313. 11311 333 31 333313333, 3 331
testimonio 31 33 1333331313 vuol 3333333333 3’ 33333 mai pra-
tieaio se 333 13 13313313 (11333333311,3 peri) 333313 313113 pii
33331 3311313333 3 333 3111 13331333, quali dovrebbono esser

 

