11 11111111 onnon 11111111. too

quoto 1111 11111111 111 abbiano moto proprio, 11111111 111111-
1111, 1111111111 1111111111 1111111111 11111111 como 1111111111,
11 11111111 manco 1111 maggioon imputant ,1111 si 111 negano 111
1111111111 11111111111 ignea 1111111111111111111111111111111 nal·
111111 1111111 11 bene vi 111 1111 1111111111111111111111111111111111 a
11111111 1111 11 111111 1111 1111111111, noma 111 1111,1111111111 oo·
1111 1111111111, nomn ammorttto 1 1111 1111111111 11111111111111111
111 1111111111111111, 111 111111111111111111111111111 1 11111111
tn 1111 11 vitto 1111 (inscendere 11 1111. E 11111111111111111111111
111111111111111111111, 1111111 11111111, 11111 111111111111111111111
1111, 11 montano, 1111 111 11 11111 1111 11 1111111 loogo 111111,
onnon 11111, 1111111111111111111111, 11 1111 1 11111 11111111
mon 1111 111111. Ma 1111 11 11111111111111111111111111111111111·
11111 1111111111, veggasi 1111111111111111111 11111111 11111 mag·
111111111111 1111 11111111111 111 1’ 1111 1111 111 ta 11 minore, 1
por 11 11111 gravo dovrabbo 1111111111111111111. 1111111 111 111-
1111111 noan 111111 11 vostro argomento. E 111111111, Dio 1111111111,
1111 11 voi 11 1111 11111111Ιί11 1111111 questo fallacie? chi volate
111 111 1111111 1111111 111111 11111111

Vango ad 1111111111 11111 1’ intelligant· 111 teoto, 11111 1111111
111 11111111 1111111111111111111 111111111111111111111111 111111111-
te. Peon 11111 111111111111111111111 1111111111, 1111111 11 11111
nn 11 1111111 modo 111111, 1111111111111 grammatica non 11111
onnon 11111 nostro, 1111111111111111. 11 portanto 111 11 1111111111
11 1111111111 (11 11111· 11111111 111111111 mat 11 11111111111111,1111
1111111111 111 111111111 11111111111 1 111 1111111111 111111111-
nanta 11 11 1 11 gio, ma 11 1111 (111 1111111111111111111111111111,
11111 1111 voi 111111, 111 quanta totottignoaa 1111, 111111 1111111111
11111 1111111111 moto 11111111, 1111111 1’ 1111111111, 11111111111111
111 111111111111. 111 111 11 gia 1111 11 quanto 11 11111 1111111111
gatto 11111111111 111111111 1111111111 moto 111 1111111111, 111
11111 11111 nogione 111111 di 111111 111 1111111111, 111111111111111
m 11 moto 11111 1 11111 (11 quinto 11111,111111111111111111·
monta 11 sopra. 11111111111111111111 naotuda 11111111 111111111
tm 1111 moto 11111111 1111111111, 1 11111111111111111 (11111 111111, ·
oon 1’ 1111111 11111 1111111111 11 1111111 111 1111111111, tn 11111 11
1111111111 111111111111 montanai, 11 11 ho 1111 111111 1111111111.
11111111 quanta 111111, vano 1 1 11111111111 111111111111 1111111111
111111111111111 111 (1111111111 11111111111. E 111111 1111111111 11-
1111 111 1111111111, De 1111111 nonnoso-u 1111111111 11 tonitam, 111

 

