1 10001100 nanus 00101110. 397

1010 10 100111 1101111111, 0110 100 1101010101οεοο 100010 0110
101 1011101011 101111 100111011100ος 10 101, 1100, 1110110
10111 0101111110ῑο 11000100110, 11100111 101 1011010 1010010
101 1101010100, 10111 11 queste tondereste 10101110 11111 11·
1111110 101010111001, 0 000 10 1111010110 00100 1011111111 0 000
repugnanti in nutura, 10011 1101010111ος 1010111 11 11110010
0110 001 1011 11 100110 111110, ohe 10110 110111011111111110-
1010100,11 00010 10110 100011110110101110110 11 101, 11111111
111110 conoscere non solamente 111 811. 11111100, 011 11 ogni
11110,100010111011000 ohe mediocremente intendente, 101
000 10’ 0111111011 ignoranti 0110 0111 11011010 11011011000110
queste materie. '

01 10 101010 11001010 00 buon 000111110,10111011010101
a· intendere 11 1101010100 10110101111 00011111110, 0101101011 1
11011110 111011111 010100οῑ1 1’ 13001110, cominoiando 1111111-
10111000 101 100101 110001110101 110100101011110110 10
1001101 0 101010 queste, 1011110 111111ιο11000 11 10100100, 0
0101001011111110 101 101011011111000 11000ςο 1011110111
questa 0010111000, 1111110110νί 11 111110 10110 11101011001 101 Co·
10101001 01000010111011 11 1110 10101110 11 100111 1010011,
1011010 111011 1 0111111111 0110 11 001011100010110 01110101110110
non 1 11 110010111, 00010 1110101001111011110111000110110-
1110 1011011010 000 100111 11110011000101101010 101 adesso,
01011101101011 000 100110 0110 00 10110 10100100 0 11 Co·
1010100,οοὴο 111011 00 10100101010 101 100011, 11110101010
01101011011011 nomini 11 00011001.

(111. 111) L' 0110111011 0111 nnete 10111 eo.

111 10111 00 11011011 811. 1101010110 1100011011 811. Ga·
. 11100111 10110110 1111111011101111010 000 1101111, 0 011
0001111110001011 1100 0110 111 11110 0110110010101111111110-
11101011; 01110110 1’ 0110110010 100 10 1011111011 11010 ohe
0111 11 possano. 101 000 1 1010 0110115111111110011111111011
11111110 111 10110111, 0010 11 1010 011011 811. 1101010110 sivoio
101 101110 0 10110 11111110. Ma 100110 ohe 01111101010010 noto',
10110 0111 1100 che 10110110011 101811. 11111100 10111 11111
11 0011 0110 111101111 00100 11 1110101110 0110111 10010101·

110101, 10 111111 10111111001011011111 111-111100111, ‘st 111000

 

