11 111111111111 11111111. 171

111 11111111. ’8111111111 io; non 111111 11111 11111111 1111, si 11111
1111111 111111 1111111111, benene divine 11111111,11111111111111
1 1111111111 1 111 denen 1’1111111’11111,·111 111111 1’ 1111 11111111
111 11111 11111111 1111 111111 1111111 11 in 111111 111 denso 1111111
di 11111 111 non 1111111 1111 1111111111111 11 111 eobo 111111111
11111111, 1111111 1 111 1111111 1111111, 1111111 1111111111111111·
11111 1111111111111 111 inodo 11111 11111 11111111 1 111-111111
1111111111, 111111 1 1111111111 11 nn 1111111 1 11111 11111, 11111111
11111111111111111 1111111111 gbieooinodooi 11 11111111 ed 1
111 11111, oon 11111111 1111111111 111 111111, 111 111111 11111111
11111111111, 11 obe non 111 11111111 111 condensat 1' 1111. 1111111111
eim ii luogo, noi 1111111 11111111 111 Ι’ 1111111111, 111 11111111 111·
1111111, perebo 1111 11 merite. 11 111111 11111 inventione 11 111111
1111 1111111111, 1111111111 trevario? Non 1 egli onudoente 11111
11 11111, dove 111111 noi? Domnndoieoe Democrito, e vidiri 111 1
ii 11111. ·

011 1111111 1111111 111 1111 1111111111 1111111111 seguine nei 11
111, 111 1111111111111111111111 noi3 e 11111111, 11111 1111111111
1111 111 1111 egli obe Peneon noo 11 vnde, e' 1111111111 11111 11111
1111 1111111111111 Democrito, 1111 111 ii 11111 111111111111111.

111 111111. 1111111111111111111111 111 1111111111 111111. Ariston
1111 1 Democrito?

voi 1111111111 111. 11, 111 111 111 11 1111111111 1111111 degn· '
11111111 11 veromente obe 1111111 11111 1111111111111111111111111.
111111111111 11111 1111111111 1111111111 111 11111111111111111111 ·
11111 111 111111 11111 11111111, 111 resistere 11111 assolutamente, 1

1111 1111111111 11 111111 11 1111111111111111111111 111 111111 11111 .

1111111 111 1111111111 111111111111 divisione, 11111 11111111 111
1111111111 111111 111 11111. nerone 11111111 1111111111111111 11-
111111 non 111111111111, 11 ben 1111111111 o’e 1111111 11 111111111,
nondimeno 1111111111 11111 il 1111 nien 111111 1111111111, 1111111-
111 resistente 1111 1111111111 111 1111111111 11111111111111111111111
1111 1111111111 11 111. Aoni 111 1111 fosse 11 1111111111 11111111
11111111111111111, 111 11 11111111 111 111 11 fosso 111 1 meno 11·
11111111, non 11111111 modo 111111 divisibile. Li 1111111111111111,
hennon, 1111111111 1111111 111 111, 1111111 benissimo 11 111111 1
1111111 divisione dell* 1111 e deli’ooqnn, 11 111 111111111111111111 vo·
1111 regulo di 1111111111 11111111 1111111 11111111; 1 1111 11111111

11111111111111111111111111111111111111111111111111111111. . ¹

1111111 11 1111111111 1111111 1111111 11111,11111111111

 

