03330330 3330330 ι 0333000333. 11

33113, poich& 13 3331313033 3131130333 a 13 313333, 13010 31110·
313 303010311103113, 3 1310333 3131 0003 31 330133 3 33113 ὁ
3010033, 3133 13 10333 31311 313300 311 andare 10 100310.

anai 311311 311 33113, 0133 33 001 00031133333100 1030 10
0003333331000 3131133303, 1303333330 0133 egli 13 supera quasi
33011 30113 10 3333113, 003131310333 01 1333310, 301 quale 33
003 palla 1030 31 100310, a grandissimo. 11110300130 303
10300300 30313313, 30333 13 0333 301313113 3 310331 13301, 13
30311 000 03310οο ni anche due 333 0301010 3333111131-
130303, 00313 11 1030 3303031333 13 333113 13 tardissimo, 3 301113
30113 pini deboie 3130 1 impeto 313110 33301333 31311030 : 13113-
Ι313 una 3011111311331030 331133313 30033 discendere 31 100310,
331110000130 00031 pub 1333 333 13131311 0033 0 3131313110
13300, 13 quale, posta 031 100310 3131133333, 31 33311 33033
ascendere. 03 33 13 113333 000 313133313 3113131003 3 13033-
(11313 30333 31 grandissimo impeto 31311030, 00333 000 sari
3113 1333313013 3 31313313 3331331333 3113131003 31131133 03313-
313 03113303031333, dove 3113 000 133 333003 10333 333 303
313113 031113 parti 31311 impeto 31311030 031 discendere? Ε 3130-
que necessario 0133 quello, 0133 133111303 13 301111 131313 31030
0 1333103113 31313300 3311 acqua, 313 0033 1313, 313113 quale
manchino 131133 131313 3 333103113 311 03313310 0330 33331 3131-
130303, 3330133 ρο313031100310, 3 13301313 10 11133313, 303·
03001300 3113 superficie senza impedimento verun0; ma delia
113033 piana 313333000 30300300 311300, adunque 000 a 13
113333 30331033 303113 3133 133333 1030 3 1313300 3 33113. Cha
dunque 31133330 che 313110 per 333 311331 0133 1033311300133-
310 (11333110 0133 <i 3331003 310113031333 31 100310, 3333303-
313311 3113030133 31 100310 3 11 3331333 3 33113, 31300 3113111
00013331, 3 313311 3113111 00013331 000133313 3131313300 333333 13
3331001.

Ε 333001313113031333 31 100310 13 133013113 (1313300013
301111 131313 31030, quando 3113 31 33, 0’3“3 33033 31000 dub·
1310 3331003 13 333 3333111 10333103 311, 303113 3131130303,
adunque 1103333133 3131 330 33133313333030310 0113 31 133·
303, 03 313 0331003131333333333, 13 quale, 10 quel caso, per
qualche accidente, forse 130033 000 033333310, 31 33033 00113

 

