11 1111111111111 11111111. 111

1111111, 11 11111111 1111111111111 1111οηί11111111111 11 11111
moi 1111111 11 1111111111111111 1 molti, 1111111111 11111111 111·
legum 111 1111111111 111 quoodo 111 1111111 1111111111 111
11111 mooe, 111 1 111 11 11 11111, considerando 11 111111 gundo
1111111111 1111111111 11111111, 11 poso 1 11 figura ooss’ 111 1 11 pono
1 11 figur· 111111111; 111111, 1111111111 111, il 1111 111 1111111111, n'·
111111 1111 111 utonem, 1 mollo 1111111 111 11 poso 111 quadro gru
11 1111111111 111 1111111111 1 1111111111, 111111111111 maggiormonto
11111111111111111111, avuto 1111111111111, 1 111 assolutamente 111·
siderali 11111 1111. 1111111111 111 11111111 proposito contro 11 111·
vodilo: 1111111111 111 11111111111111111 11111111 11 proportione,
111 1111111111, 111 le figure lorgoe 1 111111111111111111,
1111111111 1111111 11, 1 1111111 voro. Poro 1 voro 11111, 111
11111 111111111111 111 11 figure 111 1 mono 111111, 111111111111
meglio golloggia 11 111 larga 111 11 111 1111111 1 111111111111 1111-
111, 1111111111111 111 1111111111 111111 1111111111. 11111 1111111,
11111111 11 poso 11 11 111 1111111 11 111 gravem, 111 11 spinga np-
11111 11 11111, 11111 11 111111 11 1111111111 111111 1111111111111-
111111 1111111111 111111, 1 111 1111111 111111111111111111 1 11 111·
11111 1111111111, 11111111111111 11 figure, 11111111111111111111111,
1111 11111 111111. 111 1 111111111111111111 1111111111 1111, 1111111
111111111111111, 1111111111111111111111. 1111111111 1111111111111
11111111 11 11111 111 11 111 1111111, 111111111111111111 11111111,
111 pit 11111111 1111111111 on 1111, 111 un 11111 111 111 11111111
ommno, 11111 11111111 111111111111 111 11111 111111, 11111-
11111111 1111111111111111111111 ha 111 1111111. E 111111 1 11 111
prio moo 11111111 11111 1111111111, 1111 111111111111111111111111ς
poro 111111111311111111111 in 111111 11111111 11 111 11111111111111,
11111 11111111111111 di 1111 111111 11 1111111111111111111 111114·
giunta: 11 11111111111111111111111 111 11111111,1111111 111 11
1111111111 1111111111 1111111111111 palmi 1· acqua 1 maggior 111
1111111111111111, 111 1111111111111111111111 1 11111111ιοῖ 111·
111 quo-oo 111 1111111111 1111111111111111111ε 11 11 questo 111 11111 ¹
largo, 11 11111111111 1 quadram: 1 poi 111111 ouili 11111 11111111 1

nin 1111111 quei 111111 11 [ravi 11111 11111111111111, 1 111111

111 galimero meglio 111 quando 111 veramente 11111 11 corpo. ehi
1111 111 questo 1111111 modo di provoro 1111111111111111,111 111·

1111 31111131 11 corpo 11 figura 1111111, 11111111 1111111111811
1111111111111111111111 11111 Aristoma 1111111 111 111 over

11111111 1111111111 galloggorebbo meglio. 111 111 1111111111 voi 111
Gomon Gmm. — T. ΧΙΙ. 2³

 

