11911 00000000

· 1111111111 1111. sm. 6111180 Anumssnffl m 8111611111.

Quanto 0’ 100011 del 10011010 (101 810110111οο 000 10011-
11000000010 011011 (101 8101100010, 1000001 11 primo ohe 0000-
1000 0110 1000. 182, scrivendo 00010 1110000 11 810. 6011100 0110
10 0001000001000 0001001000 01100100010001100010 0 0000000010
011 00001111, 0 10 000010010ηο 00000100 1000000000 0 0000000010
011 000100 01010 01 00010000 010 10 0000 0001000010 00000100-
00000100’000001000,0 10 0000100110 01 00001000 0101 1101001110 11
00011 0001110011 0011000000 000 000001οο0000 01100000 11 011100-
010 non condensato, ma 000010110 0100001 011001. 11000 0001100·
010010, 010 10 0000 0001000010 0000100000100’00001000,010
000010110 01 00001000 011 (1100100111, 01 0000010000 10001 di
0001 000000110 10 000010 10000, 0001 000 101010 01 0001110.
01, 000 0001 010 10 000010, 000 0000010 dal 810. (101110ος 0 come
0101001101010000000010 0000000 01011000 01 senso (101
presente luogo, 0001 000 01 00111100 01100 00000 010 1181·
0000 (100010. 00 1’ 00010000 solamente 000 1100100100 10 0001
00001111 modo 10 00110000 (10110 (10110100 del 810. 11011100,

1110 1000. 191, 000100 11 8101100010 00010 1110011810000
(1011100, 010 1100010110, quando 01 000000 0001000000 00000 11
000100, dee scacciare 10010 acqua 000010 1 10 0000010 00010110
questo 1 101000 0001 0011 000 000 dice, 000 0110000100 010 0001·
01000110 solido 001 discendere 001100000 0100 0000000 manco 00·
000, 010000 1 10 00010 del solido (1000000ος 101 010 10 011
modesta accusa, 010 01 possa dare 01 810. (100010, 1, 010 0011
000 10 considerato 000110 010 000100 11 810. 6011100.

Con troppo 00000010 010001000101011 810110111οο dal
8101100010 011 0000 creduto 010 10111 011 elementi 0110010·
cemento 01 000000οο 000 1’ 00000 010 00010010, 01 comeda
000110 010 0011 0001νο 0110 1000. 2111 01 000000110, dove 01 100-
00οο 000010 00001οε 1100 10000 0100 01101 00000 0001000 00010-
01110010 di 000000 00010 0000010000 10 0010010 0000010000 11 sequor
11011100 0100 10111011 0100000011 01 00000000 0101 001001001100000
010 00110010, 00 11 10000, 0100 0010110011 0100000011 01 0000000 01-
1100100110010, 0001100000 mm 01 0010110000οε. 110 0000010 0

 

