220 ’ 111111111111111

11111111, 11 111111 111 111111111111 1111111111, 111111111111111 111
11. Nun 11 [111 11111 1111 11 mobile piu 11111111 1111111 ρ111111111111111
111111111111, 1111111111 11111 1111111 11 1111111 1111111111 uun·
111111 1111111111 11111111 1111 1111111, 1 1111111 111111 11 1111111
1111111111 maggior 111111, 11111111111111 11 111111 1111111 1111 1111
11 811111 111111111111111 111 11111111 111111. luperciacum 1111111111
111111111111111111111111111111, 11 1111111111 11 1111111111, 11111
ho 1111111, 11 111111 11 1111111,111111 11111111 11111 11 1111111111
1111111 11 1111111111 1111111111 uhu 1111 11111 11 1111111 11111, 1111111
1111111111 1111 1111111 1111111111111111111 111111 1111111 111 11 uu·
11111, 111 111111111 11111111 111111111111. 1111111111 11 11111 111111
111111 1111111111111111, 1111 111111 111111111111111 111111. Adun-
111 1111 111111111111111111111 1111111111 1111 1111111111 1111111111 11
111 1111111111 111111, ubo essendo 11 11111, 11111 11 8111111111 111111,
1111111111111111111111, 1111 1111111111111111111111111 111 11111111·
11111111111111111111131111111 1111111111 1111111111 11111111111111
1111111111 11111111. 1111111 111 111111 possibile 1111 11 111-11 1111111
11111 11111111111, 111 1111111111, 1 111 11 1111111 11111 1111111
11111111 dunque 1111 11111111 111111111 111111111111111 1111 11111111·
nu, 1111111 piu 1111 111111111111111111 111111111111111111111
ubo 1111 piu 1111 1 piu 1111111111. 111111 1111111 1 1111111 11111111
1111111111 111 11111, 1 11 111111 11111111111111111 11111111. 0111
1111111 1111111111 111111111, 1111 111111 111111 1 111 11 1111111111
111 11111 111 piu 1111111 1 piu 111111, 111111111111111111111111111
11111111111111111111111,1111111111111111 piu 11111, 11111111 1111111111
11111 1111111111. 011 11 11111 1 1111111111111 11111111118111.(1111111
111 11 quali egli 1’ 11311111 11 1111111111 11 1111111111. [1111111111 1111·
111111111111 1111 questu 1111111111 111 11 1111111 1111111111. 111111·
11111111 11111 11 11111, 11111 11111111 11111 pauli 1111111, 11111111
quello 111111 1111 1111111111111111111111111111 1111111 ‹lumbum-
11111 111 111111 111111111111111 11111 1111111111. 11 111111111111
questo, 1111 111111 1111111111 11111111111 11111 parii 1111111 1111111111
1111111111111111. Segne 1111111 1111, 11111 11 111111, 11111111 11·
111111 111111 1111111111 11 1111111111 ssguru 1111111,1111 11 11111
largn, 1111 1111 11111 1111111111 111 11111 11111 1111111111111 111·
111111, 1111111111 1111 11 111111111111 1111111 11 111111 11 1111111.
111 qual cagiunu 1111111111 11 quieti 11111 1111111111 111111111 111111
{nteriori 1111 aequa puuo 111111111111111.811111111111111111111111111
1111111111 111111 1111111111, 11 1111111111 qualche 1111111111 uum
quella 1111111111,111 111 11 11111111 111111 11111111 1111111111 11111111,

 

