32 313331131131331133 1 3311333333.

31333113 13 1133311 3113 Ε; 3 33331331] e Β 3333113113 333-
11331133 3333113 13 1333313, 3333 33133 11 poso 33331313 111 G
31 peso 33331313 111 Β, 3331 13 13313 C 333333 13 31313 Α 3113
13313 Β, 3133 13 11333 Ε 3113 F; 33313 1133333 11 poso 33331313
11111 31 peso 3333131331 11333113 11333 113113 Ε, 3 3331311 peso
33331313311131333333331313111Β,33311311333Ε31131;
31133333, 33313 33333331333 333313, 11 peso 33331313 111 Α 31 3333
33331313 111 Β 3 33133 13 11333 11 3113 11333 F, 3133 1113333333
111313313333.

13333 333 3 3133331333 33313 33 33 3111311333 prisma solido
3333333333333131333313 1131133333, 33313 13 33 3333, 33313
111 sopra, (11 333131333113 3333113333, 3 131333 3311333331, re·
3133311 3311113 33333 33333 3311311313 313 3133133333 333131 3
131 33313113113113333 111 333113, 3113 33313 13113 131133331131
3313133 33313133311331313 33333331333 3133 13 3333113 13 1333-
313 1131133333 3113 3333113 13 1333313111 esso 3311113 ς 133 inion-
1133113 313 333113,113311113 31 331133333.

Sia 11 vaso MLGN (1311. 1, 113. 5) 111 333133333 3333113333,
ed 13 3333 313 33113331311 3313133 3311113 DFGE 1333 33333 13
1333313 1131133333, 3 3331 3311333ῑί333 113 13 3333113131333313
1131133333 3 333113 1131 3313133, 1313 3111113 13113333 DF 31131133-
33 FB. 1113333313133113311331 33333 3133 3113113333 FB, 11 3311-
113 DG 333 31 3133333, 313 1133 3333 31113113 31133311111313, 31 3113
3331 3333 3131133333 3133 31 33313333 31 3311311333 Sia dunque
infusa 1333333133 31 1133113 ABG, 3 3333113 13 333311313
1333313 1131 3311113 11113113333311313 1333313 1131133333 3 33133
13113333 111 3113113333 1113133 33333 13 13313 BG 3113 133·
131111, 3 13 33333331333 113113 13313 BG 3113313131111333 13
313333ιί333 113113 133131111311313313 31133133333333 13 pro-
33331333 113113 mole BG 3113 31313 111, 31133333 1313313 BG
3113 31313 AF 113 13 3333333133 pomposia 113113 proportioni
della 333311313 1333313 1131 3311113 Gi) 3113 3333113131333313
1131133333, 3 113113 31313611 3113 13313 A& 133133333331313
333333313311131133333113131333313 111 Gi) 3113 333311313
1333313 1131133333, 3 113113 13313611 3113 31313 111, 3333333-
3333 333333, 333 13 1331313 3333333313, 13 33333331333 1131
3333 33331313 1131 3311113 111331 peso 33331313 113113 313131131-

 

