330 31310313

versi aggregati di 113111 11301013 1333011(οη13111113313101·
terei dentre 33 301110, 3000310 0113 10113 113111 331333011
(130313 0 11 (133113 figura, di 3311311010 aspra 0 (0110111310 ·
3131111013 0 minore. Sa il (1131010330 111330 11 11010111, 130-
glio vi ε’ immergerebbe 33 301110, 010331333311103011 1311,
11010111 (130111 3131113310 11331131311110303011131301130313, e (133-
311003 gran difleutttn 1111 1301133310 0013101110 13 013103,
0113 33 1333010 30311110 11 10110, essendo (133113 mene gravati
queste: ma 33 1 1110113111 1333310 11 13110111331313 figura 313-
1103 3 3311313113130313 11301, 31 1111111311 13 13113013 131301110
0113 11 31 (1013333 110110, 3131111331133313310 00101011030, 311
1111 301 0313133 13011 11301110 101331011030 3 3111333131 01331-
mente senza 1330131 031111 101333, 11 0113 303 1313330 31110
figure angotari 0 30311030. 1310111 dunque 101101031511301
Colombo 33 aggregato di parti 1130031133313,010001313011-

. 103310 311113310131030 1’ 33 301110, 3 300113 1110313111ου13

1131311113 10 3113110, 1131 (3011011333 0101310 0113130113333-
0013 0333 possa essere 33 3131113Μ11331311111010333013313-
mente 011 3’ 3011113313 1131101313 (00313 0’ 1100) 1000331033
101 301111111310 (01 113 ben 03111033 11 3131111113 11 301111133313,
11010111 10 prove 330 303 31313330 3131 1131 (3100131310 311-
1313313 11 concludenti, 33 303 dove 003 1003301111111011331
11113013330),30111133113, 1100, 0113 13 rena. cavatone 13 0010333,
303 13 10110110 1311 acqua, perche 10 parti di (133313 1013330
3 1133111113 11 luogo 0 1031313113 13 superficie 111333, 313303
gia 13 parti di quella, anzi 33 0310 333 parte, e 303 1131303
11 1133111131; 3313111110ιηί, 1100,οοωο 11 Sig. (1010111110 31 1110-
310 00311311103 3 ae 1301031300 per 111133111010111130113
11313330 300110310 serva 1101 pravare egualmeate conclusioni
contrarie. Dieoi versi di sopra, 131 3031033131 0101333011
3111130111 131130133, 33113 argumentata 13 333 continuat. 3113
0131310 0110 33 1310 3113110 303 possa 3113113010 13 33 001110
1130031133310; 0 013 (131 1013111310330 010110 331111 311131
(13113 1333, 0101 0113 31 3031331030 33313 30011010 a 1103111110

10 3113110 1131113330, 3 0113 (133111 101130133 303 31 3031031030,
30131311300 parimente 1301333333100311333, 3 303 00310
1310331 131 0113 11 330 (11300130 1110110 31 33110 0313311331 00311

 

