, det 11313311

3311331333 313 3311131133 311333, 3 333 33 33333313 (13113333
(13113. 113111 ingegnetevi pure 331 1311133113 diser vedere 13
13113111 3133113 3313 3111133333 3311333133, 3111333313111-
33333 cedere 3113 133133333113333113313.
(Pap. 115) 1131133331 311111 3313311133 33.

lt presente luogo, e 11 331331331331133133 333. rte,
(3313111, 1331 (11 13111 1 313333111, 31 31311333 ad 3113313331-
31 alquanto (13 que' 1313131, 3113 (13311331313 313113313 333·
313 33311313, 3 considerare 313333 3331 133113 3313 13313113
(131 3333 1313133 equestre 111111 3313311133, 3 3333313 intro·
(13333113 1313 313 (11 133111 scritti 33311331 1133313133, 13-
(1311 senze rispondervi (131 Sig. Geliteo. Ε prima, serpendo 13
1’ introduziorre (13113 111111 3313311133 essere 31313 di 333 (11
quei signori 3113 (113333111333 (131 331313 (131 8136311133 ((1133
1311313113 331 uh 331 11333113 (11 331313, 333 3113 333113 3113
t'introdusse 31 facesse sopra 131 3113331333311313113311331
13 3331313, 31131131331331 poi 131 propositione esser 13133,
(1313333 3333133 13113 33311313 31333333311311 333 331313,
se 333 de 3111 13333, 1133131313 131, piri 3113 mendice di 31111

s 311133111), 31 sono 331311311313333 poco 331 1313333113
111111 3313311133 13313 3 1331313113 battuta 13 3331113 31 Si·
poor Gatiteo io questo 133113 discorso. 1113 113 tottii 1333111
(1313 13311 d'ogni proposito t'introduoete‚ (33331311 111311333-
iphito, 3313111111 1313 333133 (13 3113333111 333 3313333113
33331313 degli altri, dioeodo voi 3131 1333333313 11311313
(13113 111111 3313311133 13 333133113 331111313 333113 1 se·

seguaei del Copernieo, 3113 1331 3113 13 13113 31 33313, {equote
3311111113 (1113 33313333 31313 11 Sig. Gatileo 131313. 3 333 pli

⁴ 3131311333313. 13 333 33 intendere quei 3113 3111113 31131313

13 questo luogo, 3311 13 questo 111113, 13131 1313311113113113
33133113 3 333113 31 033313133, 3 333 11 essere 3131311·
333313 (131 8136311133. Mosso (13 331313 3313113113, 3, 333·
sesso, (13 (33313113 331133111, 31 11113331, quando 133331131 que·
sto luogo, 3 3333313 313333 331313 3113333331313113 331
8136311133, (131 quate 31133111 3333, (1333 313333 1333133, (11
vedere 13 3111313313 133113 33311313, 3 313311 311313 13 133-
pessi, anzi-pur 31133 3113 io (13 1313133111331,311111333(131

 

