911 (9119991119. 1 111111

11 Sig. 1191119119ἰηί, 1191111 999 191919991991919 dissertatione 111 sali, 111

(111999119199119 9911119919 19 1199991111 9 99919919 (19119 119111 9911991911. ·

19 1191119919 (119911 9 191111 991111 11999999 9999911119111191199191 pie-
91919119, 919 999 1199991999 1191 (1991 1119119,91(1(1919191191 1911999
(1911119. 119991911919911911999 11919919999191991119 1111191919 Sig. 1111-

centini 991 montovalo 11911919, 91 11 9119 99911199919119991111191111919 ,

(191119119199919 19 919999 9919119999 1911911919 1191111119 191 Signnr
1199191199; 1919911 9199119 999 11111 (11191 9119 1991111119 19 quistione,
9991199999 1191191119 9119 999911199919 11 9999 99919 9999119919, 11·
(111911 9111999 91 9911991 19119 9991119 11 1199919111.

(11111999 9919111919 digressione 991119 19 191991111119911119119
(1199991999 9111119111, 9 199119 9999 19119919 99119191 19119119991
9119119, 11919911919 19’ 91919191 111999119 199191991191. 119 11919111 (199·
919 99191119 99 11911119 911991999191 191 nostro proposito, 119 (1919199
(1919919199919 nn 99111119, portando 919999 1191199111991 9 speculationi
19119 199119 919 991119 (199919 19919119 ha 1191999 11 19111991919 11111919
1199 (19119 Grandi 91199 11 1991911991111 9911 19 911 199199 119119.

1111911999 1.

O
Chiamisi peso 1119911119 (199 991119 (199119 9119 999191191911119 111 911
199119191 111119 111919 911 91999 1991919919.

11111πί91999 1!- ·

Ι(199119 1191 911991199191991999911119 19 1999199 19 (1991 mezzo
191119, 9111919191 11911 comparativo, 9 (199919, secondo 1 1111991111 11 111-
chimede, 191 (1911199 911 19111 11 111199191ίοί, 999 1 91119 99 999 199·
99999 191 11999 99991919 11 99 191 corpo 99111911 11999 99991919 (191 menn
fluido 19 11911 mole.

Diffinizione 111.

Se 99 91999191999199911 1991111919, 9191911991 11 1991991119 11
11191111 11 911 19911119 99199919 991119119999 19 99 199199 19919, 9
(199119 19199111 9111111919 9119 19 191199919119 99 191 9911919119, 19
991 11 19119 mobile 9919999 1191119911991911991119, 911991919991 (1991111919
(11191919 91 99119119 fluido.

191 9991191119, 9911111919199 919 1199919 1119911191 (Tan. 11, 111. 191
9191119119919 19919 (191 119119 BG 991 19919, 11 119991911999 91 11999
191191119 911 99919 1111 91111 (1999191199999111191919999 1 1199111999·
19111919, 9191 m} 1999111919 11999 191 19911119 A, e 111 1119991919 11999
191 11911919 11911 19919, 91 9911119919999111199119119111191991119119 11
esni: 919 11 11999 19919111191191 1119111911 1119111919 1111119 191111

119199119191. ·- ’1. xn. 77

 

