1 13331113 31311 33131111. 29¹

31331113, 313 333331311333331111313331311 111113 (133313 pesa
13113113 3313. La 11331 313331111333 gencrale 333111313ς
perche 1311· 1113113 3313 11 1313333 13113 3113 333 13113113333
ne 3333 13 1331133 33113131 3313 1313, 3131331311 13 13311
11133111 31331113, 31113 33 13113113333 13 31311, 3111311 133-
313, 3111311331, 3 33313, e 311113 13113 3111 131131 3133113 3313,
3 13113 questo 33331311 133331313 diverse 1113113113 chesi
1313333 3113 131131 11 3113 333 11131331311113 33313 31 811. 113·
1331113 13311 113113131313 13 11133111311331 131 8136311133.
13 quali rengono 31 essere 33331313 13 quella maggior 33113
1111133313 ,131 51111311333113 11 81311313311131133 3313111
11313131313 33313 333 333311333313 3113 disputa: 31313111
13113131313 11313 13 13 1313 ragione di 131 11313131333313,
331313 1113131311313 13113 133313.
(erg. 130) 13 circ 3111 13113111 3313311 1113113113, 33.

Se 11 sig. Colomho cresse 1113 qualche 131133 1· 13133-
dere Archimede e 11 11311313 131 5111.11311133,11 potrebbe 131
31311313 3 etima 131 133 11311113ς 313 113313 11 13113 altre·
mente, 11111311 1131113 11 113333 1113113

(ivi) Ε 3311 33131311 [cte 1111 13113113 331 13313-
11313 3313, che 1311 3131111313. 33311.

11811. Galileo 1311 311331313313 3113131331 331313 31 13313
13 33113 3 1111133113, 3133313313 11113113 1313133 31 313113-
133 13 11131331131311 33311333313133131133 31313113 31-
1333, (133313 31131113.

(ivi) Mc 33131311311113, ec.

033113 che desidera 3 1331331311 Sig. 11311133, 333 13113
si 113131 3 333 11 113131, 133 311313 31313113113131331311313
3 1313 11 31311 13 1111313; 3 perche 311333133113 311311313,
ha reclamem e 13113 3113 11 113133131311113313 1111331 33133
13131313, 311313 131113 131113 1333 grave 1311331133 ;3 perche
33113133113313 31313113 1133113 33133 313 13113, 11313113 3113
11113113 1111333131313113313 33 31313 31111 313313 33111-
113313113 331 3313 31333113 11 1313111313113, 11113 che 11
13133113 13 31313. che (13313113 11 333313 331133113113113 11
1313311333 31313113, 333 3131313313 qualche 3111131313113,

3113 3111111 31333113 1’ usare: 3313 3313111 sileri 1· 3111 3

 

