1111 01010100 1111111110 1 (serueueram.

10110 1111 3101001ιο 11101οη00 010, 10 1110 0311 01 fondo, e
0110 103310300110 00010 peso 11000110 0110 nostro 0001011-
11000, 0110 1011010 muteris 11011110 esser 10 0101001010.
11100010 110100110 1111010101110010, 0110 1101100110οἰ 111
quello 0110 0101110113010 01100 1 0011111 1110110011001100,
000 11011110 010000 desiderare 0110 01000 100110011001100 senza
1103001οἰ, 11110 domando 0110 01 100010 110110 1011010110 ultro
0110 11001 0110 01 10 110110 10110. 10 01110 e 101οο 0110 101010-
letta 10110 01 fondo in virui 1101 00010 peso 0331001010
110110011000010001111001110010 0 001111100111101110010 1103001101
10101110010110111 1110010 10011 30001010 11· 001100 0011010 me·
desima 1010101111, mentre 0110 01101 0001011010 0011001100, 10
quoii 30001010, 10101111 non si 00031003000 00110111· 001100 011-
0001000. noo 10 3101010000 01 0110 0110 01 1101001111 1110 se
10110 10011 10 101010110,000000011010110 l' 00100 0110 1103-
310001, 110300111000 000 0010 1100011001ωο 30001010 000 00·
10111010, 0 101001101000110 sopra 1· 001100, 00010 110111110 0110
01 001001013011, 0001100110 1· 0111· 001100 011001111Ιο 000 11-
100010 (10110110 superiore, 10110010 0110101110101100111000

1101001111100101010101101100100, 0110 10 1010 10 0001130111
11011 eliano, 00010 1011110010 01 001010, 01000110010101110 0111
successione 1101100110οτ 0011 1010, 101 meglio dire, 1110000-
11011011011110101110010, 1010111 0110 01 11010 1011011000110100
0010110 1101100100, quanto 111010 10 000 superiore 0010111010
3111101010 d' 00100 011110 01 1110110 110110 superficie 1010Ιο111

0000 001100. 11 dir poi 0110100100 10000 000100001 10000110
rose 0110 10 0000 01000 001100οί0 e 10101001010, 1010111 1’ 00100
1101100100 000 110 3101111 101000, 10101110110 000 111110000-
11010011 se vorremo beo considerare quello 0110 100010 1100-
100100 1111010000 111111011001100 0110 010 001101100ῑο 011 00
00110 31010 011010 100110 010 100010, 1101010010 1010010·
110010 0110 0110, 101 1011οο110,110110010311111101001000111 3100
10110 11 peso, 00110 001 10110010 00110101 101 110110 310110οἰ010
1101 fondo 11011· 001100, 0110 11100000 1’ 00100 00010 10110010 01-
110100010 011010. Ne 010 0111 101 101110111 0110 11000111 1001100
001101100ίο 000 00010000 3101111 0110 0000 0110 0000 10 essu,
101 l' 00010000 0110 01100110 0110 30110331000, 00110 00οο 10110

 

