118 01000000 0001000000

000000010001 legno, 0001 levata: masaimamenle 0100 0000000 10110
corpo 10000 0 0011110, 10010 000 000 0110000011οΙ 0 fir 0001010000
0110 10 101110 000 0011; peri) 00 01Ιο 000 0010, (11101011010010 000 epm
010010, poiche 000 vi essendo, 1000100110 3010001010 0301100110,
00000 per especiem 1101011010. 11000 0100000010 voi: 110 10 bo 1100
1010011010110, 00000110 mollo 00000, abbia 00010 convenient& 0 0100·
00110 000 10 010000 0010, 010110 10001000 000 00010 001000 00100011100
amiota 01ιο 000 00000100 000 10010000 000100110, 0 0001 0001110010 11
arpo doll'olio venga l’aria 0 reegero 00 ogni modo 1000100110810110·
11100, 00011010 10 010000 00010011οω01 0010 00110110, 0 0010110 10- 0000010
00100001100000 0 0000000110 0 00010110 00100010 00100 0011000110. Adu-
000 0010010 010000 questa 1000111 di 001001 0110110 0 0110000001 mugiu-
000010, 0110 000 1000100011ὺο 00100 10000 00110110 000000, 01 00000 000
0010 0011 aequm 0 000 10010 01 000 01000110 10010 000 oport 00110. «
1101 pur 100000010 0 dire, 0110 000010 chiam 0110 10010 01 1010 0110-
guar 1000100110 000 100000, ma 000 000 10110. 00011 1101000010, 000000
10 vi voglio 1000010 0100110 0 10110 10 011101οι1001, 0001000100 000000 00
00000, 0100 00 000 vi 0000101010ῑο, 01 00100010 011010011οί0 1110001000
0 000 0000000 11 vero. 11000100110111 010 0’0 110110 0100 000010 0010010
00010110001100010 0000 00 100000. 11 perche 0100010 0110 1010ομ 10
100 10010, 0 0000000010 000 3011000000, 10 vi dico 0110100010010100-
00010 011 ogni modo gaueggin 0 0001000001000110110, 11000100 010 100010
10010 000000000100010000010 101010110. Che (1110 01100001 Em 0110
000 100010 10010 000110οο0 Polio: 0001 0110 000 operm, 0 000 vi
000, quanto 011 operatione, 000110 quando 10 101110 000 00010110. 11 111
qui musceto, 0110 01 come 0011010000 00110110 vn 01 100110, 0 11000010
0011000100 1011 1000001100, 000 00000 questo 010110νο01000, 000 1101-
100000 101010 10 0001000 110110 0001010000 11011000 0 1101101100 000100110,
0000100100000 000 100000 0000003000 insieme, 01000000 10110 000
10110, 0 0100100000, 0 000010 01 0010000030 1010100, 10000100 largn, 000·
010 0 11010 10 0100110 di 0000 101110 00ςί00010 maiore, 0 0110 0 0001-
01000 0001010010000110110110000. 11 pero 000 0 0000013110 0110 00110
0000011010 10 giu 000 01 {tovi 000101000000001010110110 10100 0110 0101·
01000 0011000100, porche 0000 0000010 10 nogioni di 1010 0110110, 000
00000100010011010000010. consulemque di 0110000000, 0 000. 111, 0110

00100000 1000000 0001010000 0110 divisione, 10001110 10 010000 011010·
0010110 001 mom 0 001 100110, 00000 in 0000011010. 1100 00· domm-
dnto: 1000110 000 0010 01 100110 0011 acqua 10 101010110 0010, 01 00100
000 0010 000110 00110110 hagnam, 001000 000 0 0001000 100101 0100οο110,
0100 10 ugione 11011000 0 1101101100 0110110 0 11 0000001000 0001110010,

 

