1 11111111 111111111111. 263

questo 11111, che 111 111111111111111 1111; 11111111111111
dadano 111111111111 11 [endo 1 11111111 1111111111 1111111
1111111111. Le quali 1111111111111 111 hanno 11111 111111111
detto 111 811. 11111111, 11 quale 11111111111111111111111111
111 venisse 11111111. 1111111 1111 11111111 1111 1111111111
perd 11 nominare, che 11 11811. (11111111111111 ed 11 111111-
11, 111 protendet 1111 11 511. (1111111 111 in obbligo di 11111-
11111 111 11111 111111111111111111 andare 11 11111, 1 111
11111 111111111111111111, d 111111111111111111111111 11111
presente 1111111111 111 811. 11111111, 11111 1111111111 si lega
11 111 11111111111111111111 figure e 1111111111111111 vi
d 11111111 materia: 11111111 811. 1111111111 vuele 1111111-
1111 1111 11111111111111111111111111111111 11111111, bisogna
1111111 1111111 11 111 1111111111, 1. 1, 11 1111111, 11111 11
111 grandem, come 11111111 1’ 11 111111 11 diametro, 111 11-
u· 1111111111 111111111111 11111111111 111 811. 11111111, ed
1111111111111111111111111111111 11111 111 111 11111 d’ 11
11111111 diametro, 11 quale 11111111 1111111 11111111 me-
1111111 111 11111111 1111111111 ma 11 1111111111 111 1111111111
admirare 11 11111111111111111 111111111 11111111, 111111 1
flumbo, ὁ 11 11111 11111 di 111111’11)11111ο,111 1’ 1111111111
11111111 1 materia 11111111111111111’11111; ende 1111111111
111111 sard vedere 1111111111 11 11111111 1111111111111-
dunque altra 111111 11111 111111111111111111111, che 111111
1111111111111, 1111 11111111111111111111111111 1111 pro·
mem 111 1111111111 11111 questo 1111111111111 11111111
111 111 libro, resta 11111 1111111111111111111111, 1 11 ob·
1111111111 111 811. 1111111111 11 1111111111111111. 11 111 11111
murmurarem 1111 11 11111111 che 11, 1111 118111111111111
111111 111 ervenium 111111 1111 11111111111111111111111111
dd 811. (11Ιί111, abbia 11 1111111 11111111 1111111111 11111
1111οεί11111 1111,1111111 1111111 11 1111111111 1111111,
delle 11111111 111 11111111, 11111111111111, 11111111 un con·
11111 11111, 11 111111111111 811. (1111111, 1111111111111 11 1111
111. Le proposizioni 1111, 1111111111111111, 11111111 1111
11111 11 figura 111111111111111111111111111111111 11 11111

1 111 bagrada 1111111111, ee. 111111 1111, che 1111 11111 11

 

