111 11111111 1111111111

11111 11111 1111111 11111111111 1111111 parii 1111111 111111,111111111
1111111 come 111111111111111111 11 11111111111111 1111111111 111
1111111111 1111111 11 froddo 1111111111 1111111 1111111111, 111 ohe
quanio 111111 111 1111111111 111 1111111111, 1 111 111111111111111,111-
1111 1111111 111 11111111111 1111111111111,1 1111111111 1111111111111
1111111111 111 111 11111111111. 111 11 11 1111111111, cha 1111 111
11111 111 1111111 11111 11111 111 111111111111 Sa 11111111111111111
111111 111111 11 111111 11 11111111111111 11 11111111 111 11111 ii
1111111111 1111 111111ιί111. 111111, eho 11111111111111111 111 ampliatio
ia 11111, 111 111111 1111111 quivi 111111 parii 1111111111111, 11111111
insieme qoeiio 11111111111 mole, 11111111 11 111111 11 11111, 1
111111 111 11111 moia 11111111 111 111 capione, 1111111 111111 oba
111 111111 111 111 111111 111 corpo 1111 anona 111 11111111 11111 aha
1111111 11 1111111111111, 111 111 11111. E 1 11111111111111111 111
1111111111111111111111 111 11111 longo, 1111111 11 luogo dove 1111
1 11111111 11111 1111 111 11111111 1111111111,11111111111111111 ohe
1111111111 1111111111, 11 quella 11111 1111 11111 1111111111 11111
1111111111111111111 111111111111 11111 ohe 11 1111111111 1111111,
111111111111111 1111111111 11111 1111111 11 111111111111 1111111111 111
conservarsi. 0111 111 eausa de· pori 11 11111111 1 11111 nimione,
11111 11 111 11 1111111; 11111111111111111 1111111111111111 11111,
11 11111 11 111111111111111111 111111 111111111111111111111111111111
11 1111111111 111 11111111 11111111, 1111111111111111111, 1 pini spugoow
1111 111111, 1 111 11111111111111 111 11111111111111 chonon 1 po
1111, 11111 1111 apparisce. 11111111 111 11111 11’ pori 111 111111 11
11111 1111111111111, 111 11111 111 1111111111, 111111 111 11111111 111
111. Sa 11111111111111111 non 11 11111111, 111 11111111111 1111111111
1111111111111 mole 111111, 1111111111 1111 11111111 ohe 11 froddo
abbia 11111111 11 11111111 11 11111111, 11 1111111111111111.11111111
111 11111 11 111111111 1 1111111111111111111, 111111111111111111111·
11111111 1111111111111, 11111111 1 111111, bancho 111 1111111111 11111
11111111 11 111111111,· 11 111 111 11 11111 11 111.

11 1111111111 111 11111 111 1111111111111111 11111111111. 1111
quando 1111 1 1111111111 11111 corpo 111 qualche 111111111 1111111111
1 1111111111 11 mole, ai 1111111111 1111111111 111 1111111111111111111-
minutione 1111111111111 111111111111 111 11111 11 1111111 1111· 11·

qna3 1111111 11 propositione in universale 1 11111ε11111111 111111·
mede altomonte, 11111111 1111111 modo 111111, coma 11111111

111111 vostra agginnia 111111111111111111111 opinione. Provasi 11 111
11111111 1111111111111; 111 1111111111111 111111 una 11111111111·

 

