. monnone: 313 13

31333133 1111113111 1 311333311111.ῑ 31

333311113 13113 13 3313113131133 113113311331113133113 noi
1311311 giorno 3113 313113 11111 313111313331331311313333313-
133111 3331133113 1133 131313 113313133111133131311331133113
13 questa: 13113113 333 11113131113313311133131133 11 1111313
133 33333113 313113 11111 131333133113311331133 31133311·3113;
3311 (13331111 3113 331 131113133333113113313313 ascendere con
131331113311331133, niuno 1 3113 11311333133’3331131(13113113
non 1131113 13131133313 11 13313,1331333113113313333,13113313
3311333133113 13133331331311311331111311111313 3113 1 3113333
1311333, 133113 3111131313, 3 13313313313 331131113 si con-
13313. Ε 3113133311 133113113313 3131113111, 3113 1 331111 111
13333111 31333 3133 11311 11111 1313331313313 3333313333113311113,
333 31 113111 dubitare 311313331311331 1133311111131333313313
3333311333 per 1331133 3113 333 13 1’ 31131 13113313 3113 31
13113 1131331311331333333113111111 131333313313 1131 1331133,
3113 13331311331 113331131 1311313113311113 di 333333111 31
conclude, 3113 13 1331331133 3331311331 33331 pin 131333133313
3333311333 1131 13311113 3113 113113113, 3 311313 311333133311 1

3113 31333 133333 1131 11133333133133131131 133113 ambiente, 3 “

333 113 principio intrinseco, 3113 313 13 1313 di 11111113 11
333113, 31 quale 13311333 111 31111 corni 11311.

Δ 11113113, 3113 [1313111313 conclusione 1113111133 11511331
1111333111ὰ 11·* 13131 1111311311 discendere o no 3113131313 3
113 (11111311 1111131333 1131 133113 3 31 (131313131311131331311111
11311ιᾷ), quanto 3113 1111133 113113, 3ἱὸ non 1111131313 modo
' alcano 3131131133 1113333331131333111 13 31333 113· 313111
111111,Ι como 11111, 1331111 331111 31311131313313131113 3131133

ὦ 3131 13131313 13113 333 1111131 3

penetrati, 33113 111 susp “nostram 31 11113111 1313 1331313313
3113 1111131111 nonffl fibro 311331 3131133, 11313111 3111 313333
11311 11113313 31131113 1311311133 31313313 1 11 considerare
1113131111 11 prnnbmfflo 113111ῇ13311311μ1113313 1333333311 11 “
, 113333133313 111 *113111113 13131103 31 mezzo, 1131311 131313
311333111313313111133331131333 33 333 111 quanto 11311 o

1311131113113111331311111133113111313311311311313 333 ,
vn 31 133113 11313111 1 3 111311οωί313 33133, quanto ’1 11 11113Ι , ”

1131311111 13311 1111311311331133ς anzi 11111 13 3311333 'nme-

 

