516 ι 33333331

33 31133 moto non gli 13 333333313331333, 33333313 1113331334
3113 1 essentiale prima 3133 1333131331313, 3 1133133313 3131 333
33133313; 3 3331 31 133 3333333113 3333313, 33333331333 13313
3333313313 333 33311333331333, 3 333313333113333 33113 3313-
33; 3311333313 333 13333 31 1113313133, il moto 3111331133333
333133 3 331333 11333331 gravi, 331113313311133113 33313333
3 1333 3313313131 33333313 3333333313 3133 prima sia 13333331313
3 33133313 311 133113, 3133 1 accidentale 3 333 33133313 3311133133
3331 1133113333 3113 propria 111313331333 3 333 33133313, essendo
331333 33133313 1333331133 11 33333333331. Μ3 3113 33’ 1331133·
31333 333 possa 111331 contro 3Ι 331333 di 313333, 33 13 mede·
sima 333 3 331333 33333113 13 331333 11133 31133, 3 333 par
113113 33333 33333333333331111111 33333333333, 33 33 perch&
333 31 possa 31133 3133 13 vigilia continua sia accidentale e
333 33133313 31133333, 33113333 33313333 33133313 331 essen·

. 31313 111 3333333 31133 33133313.

8333113 poi di 313133 pur provare 11313333 33113 1311133133
⁴ ragioni 3331333311, 33333 3333333313 3313331 13 331333 13 333-

31113 3 13 1333333333 33331313,13333113331331333 3333133333
3333333313 31133, 3131 13333 13 3333131333, 33 3333133 degli 313·

13331131131 33333113 3 31131 men gravi. E 1333 3333 3133 11
813113331313 3111333 soggiugne 333 ragione, 13 33313 13
311333 3133 333 313, come 13 31133, 1333331113, 333 311 proprio 13·
33333 311333313 313 131, 13 33313, perch& supera in 11313313333
1311313 31133, mi 3333333 3 13333 11333 331333 333331113. 13-
133113 3133333 11 813113331331313111333133 3333 11 3331331113311
13 13113313 33333 1313133333 3 positiva, 3 333 per 3313331333
3313133313, 333133 3113 1333. 187 333313 argomento: Se 111111 311
313313111131331133333133 3111113113313111313113 33333133 31331111, 113 se·
3313311113 3113 3131113 31 concavo 313113 111113 31 113313 11 3333331333-
3333111 3311 [113331 spineo 313113 31333133 33331111 1113113313, 311 3311
133333, ne 13331311 3113 33311313 31 3333111331 31311331333113111
3311 31 13311333311111311, 313 31 3311133, non 3333331331 13 313111
113113 31333133 33331111 11311’3313,313133113 1131111331 3333311313 3111111·
3113 3131113 31 33113333 113113 1333 33331 1131 vacuo, 1133 essendo
3111 31 311333 11 [uoco. Se 333313 discorso 33113 3113 33333113 333·
3113113333, 133 3113333331313 333133 31 333 inventore, gli 111333·

 

