118 11111111

ἦ pei giriaccio. i] 111 1111111111, sig. Columbo, 1111 111 11·
1111 1111111111111 1111111111 1111111111111111111111
011111 1111 11111111, 11 1111 1 1111111111 111 1111, 1111 111
1111111111111111111111111111111 111 11111111, bisogna 1111
11111 1 11111 111111 1111111111111111; 11111111111111111111
1111111111 111111 1 11111, sino redimenti, adunque 111 si
1111111 corpo 111111 11111111; 11 che 1 poi 1111111111 11-
1111 1111111 11111111 111111111. 111 11111 1111111 1111111111
11111111 11 11111 111111, 111111111111111111111111, le
quale 111 11111111111111 pori, 11111111 1111111, 11111111,

. 1111, 1 111111111 1111111111111111111111 11111,11111 111

’0 111111 1111111111, 111111. Che poi 1111111111111111111111 senze

· pori, 111 perche 111111 1111111111111 11111 11 111 11111·
. 111111, 1111111111111 1111111 1111111, s'elia 11111111111
vi 11111111 11 11111. Μ1 11 1111111 e 111111. 111 111111
senze 1111111111 11 11111, 1111111111 111 1* 1111 11111111·
’ 1111 11111 11 1111 11111111111 i 1111 1111111111111 111 111111
1111111111 11111, bisogna dire 1111 11111111111 111111 111
1111111 11111; 11111 1111111 111 111111 111111 pomeri,
permi 111111111111 1111 pori pieni 1’ 1111. 01 perche 111
11 11111111 1111111111 ragione 1111 che Ι’ 1111 111 perosae
abbia i pori ripieni 1111111111111111 1111 111 111111111111
cause 1111 1111111111 11 efformare 111111111111111111,111-Ι
che 1111111111, corne 111 1111, 1 1111111111 1111111111 11
1111111111 1111111111 11111, e un perdere 111111 per 111
1 111111 11111. Voi 11111111111 111111 1111111111 luogo 111
1111111111 per provere 1111 Ι’ 11111 111 1111111111 11 111111111
1 1111111111 11 mole, edite 11111111 1111111111111111 1 11111-
1111 1111 11111 1111111111111 di 111111 11111 1111111111,11
1111111111 11111 intorno 11111111 11111111 11111 1111111111111,
111111111111111 1 ii 11111111, i 1111111 11111111, 1 111111 11-
11111 dire 1111111111· 111 1111111111 1111111111 di 11111. 11111
11111111111111, 1111 111111111 111111111111, 11111 che 11
111111111 bene 11111111 11111111111,1ο111 quello 1111 11
11111111 11111111 111. 1111111111 seben 111111111111 giriac-
11111 trove 11111111 11111 sponde 11111 11111, 1 pere 11111
circegii 11 1111111, perche 111111 11111 1111111 (1111111111,

 

