1 33333133 33313 3333333.. 313

13 vano, 13111333 conclusione 13113 vostro 1133313331333 o
31313133131131131333311113 3 3131133331. Or vediomo 33
11333333 3111133311 11333331333131313 131133 333313333131
813. 13311133ς 3 333 3111 133113 131311133333 3333131333313 (13-
33313133313. Per 3333333 3113 1333313333 13113 1333313133-
1113, 3 13 3331313333 131133333 311· esser 1131313333 3333333
1313333 13 331313, 1133 11 813. (1311133 3113 31 333313 333 333-
13313 3331133133 3113 13331333131133333, siche 1311333 333
33113, molto 1331333313 3333313 333 1“33333; 31133331 331 13
3131331333 materia 13 333 13333133133 13113, 3 33133331 3113
3113 3331313313 131 13313 31 3311333331, 3 333133313 13333331
33 33113 figura 3 33113 3331313333 131133333 3113 divisione
3333131333311 33133 levare via il movimento. (1 333313, 3113

voi 1313331313 3333313333 333 simile, 31 argomento 1311333, -

3133331313 33313 3333, 813. Columbo, ma 13113 333 mio 33-
3333 molto 1331333131 proposito, come 33113313313 3331113·
33313333313331333313 3113 31 33131 manifesto. Rispondeto
31331333313313, 3113 133. 133, 3113 1313131113 333 afferma 3 333
3333311313 3331313333131133333 33333 13113 333 313333111, 13
33313 3311 31 333 nomino 13 333313 luogo: anzi 1133313 3311
3113 11 33113331333 13113 113333 1333113 3333313111333133333
1131133313 333113 33311 131 mezzo, ohe 333133113331331113-
313333 3 11313333333, 331 11 813. (1311133 3113113133 1313331333
3113 3331313333 3113 13 13 3333111 131133333 33333 333313113333
31 1313131113; 3333313 3113 3113 11313331333 13113 33311, 3 mas-
1133 131 33333 33333,33133 1 133333, vi 1 33313133331333111
3113 13333 11 33311 divise come 13 3333, 3 333 continue, come
11 813. (1311133 3133331 1333331 3 8. Δ. 8. 1133313313 331 813333
1133333333. 83331333313 3313113 3333333313 13 3333111131-
133333 33113133133 resistere 3 33 33333 3131 33333 11131,
313113 333 13 3333131 3 divido, 1133333333 31133 33333 oon·
3333133 3 133313131313331313333, 133 13 33311 333 1313131113
31333313 13 113333, 333 3331313313 3333 13 31133 3331331. 833·
31333313 13 ultimo, 13 31333311131313333111131 33311333
1311· 33333 333 331333133333313 313333 33333 131 813333
Galim, ohe 3333 133333 esser continua, 3 3331 3333313 3

1133313333 3113 3113 333 313 33311333 333 molto 3331331.
(13333311133333. - Τ. xil. 11)

 

